Al	B	Ca	Cu	Fe	K	Mg	Mn	Na	P	Zn	N	C	Albox	Bbox	Cabox	Cubox	Febox	Kbox	Mgbox	Mnbox	Nabox	Pbox	Znbox	Nbox	Cbox	Alnorm	Bnorm	Canorm	Cunorm	Fenorm	Knorm	Mgnorm	Mnnorm	Nanorm	Pnorm	Znnorm	Nnorm	Cnorm
KF19Q2	1106.02	17.74	7944.77	13.92	1590.85	23262.7	3089.23	60.52	6383.71	3830.5	24.2	8.35	382.45	6.276747213	6.555851699	12.2386843	1.655368667	8.650400775	84.93312219	80.65784059	3.244176017	2.477078298	26.83523999	6.323832796	1.711666824	7.720619538	0.870218897	0.035411754	-0.221300119	0.752122489	1.100334419	0.324231584	0.509831534	0.526026123	1.536998056	0.934041501	1.338323635	0.859924779	-1.755955277
KF19Q4	1128.4	17.47	7968.56	7.29	1327.23	27879.7	1660.32	26.53	3320.15	1405.5	18.55	5.75	401.85	6.292742391	6.489349944	12.24407974	1.388752872	8.403899525	90.46348281	60.43595876	2.713055578	2.4527517	20.08697704	5.447933806	1.463368483	7.802472974	0.912354903	-0.049586409	-0.192363314	-1.025590291	0.829574037	1.025590291	-1.492404178	-1.826356298	0.415240161	-0.526026123	0.558839611	-0.592266244	-0.369353294
KF19Q5	1182.81	17.16	7207.38	5.63	1120.55	21357.4	2778.49	28.12	1263.36	4959.1	20.33	8.05	411.45	6.330302896	6.41237379	12.06348706	1.26225628	8.175289343	82.43776857	76.79283348	2.752279065	2.403260636	28.85973552	5.739576352	1.688167118	7.841647795	1.001915966	-0.228562415	-0.696883497	-2.002809497	0.309340999	-0.063771035	0.106413557	-1.450595047	-1.907180829	1.492404178	0.84972099	0.68788465	0.192363314
KF19Q7	845.09	17.24	6838.49	8.46	851.41	21089.15	2408.53	37.64	1576.06	3636.27	14.08	7.3	395.65	6.060900443	6.432303198	11.96945657	1.456110219	7.8077888	82.07473659	71.86703658	2.94472568	2.416288741	26.44259606	4.630719168	1.624460693	7.776714545	0.235836786	-0.206810069	-1.025590291	-0.61777576	-0.384557925	-0.120666995	-0.250423463	-0.771048869	-1.210756606	0.829574037	-0.339194414	0.301921554	-0.839604913
KF19Q9	1001.56	18.24	7492.92	7.2	1028.76	18010.96	2531.66	26.86	1349.3	3144.26	27.44	6.9	405.1	6.197381711	6.677710412	12.1332332	1.382954918	8.060485886	77.67083032	73.54988656	2.721408979	2.407255822	25.37187018	6.770470456	1.587151983	7.815830336	0.733461771	0.221300119	-0.477833997	-1.126658238	0.077968503	-0.6436938	-0.049586409	-1.693315232	-1.584876705	0.592266244	1.636691647	0.099295118	-0.142094136
KF19Q10	1069.66	17.07	7479.31	7.27	1163.06	22835.48	3286.63	27.23	1615.14	4413.25	18.9	8.45	395	6.250034325	6.389898873	12.12996563	1.387473034	8.225435798	84.38573049	83.00296331	2.730639377	2.417663657	27.92957773	5.50658524	1.719273858	7.773992696	0.809758313	-0.294518693	-0.493769569	-1.049853854	0.477833997	0.206810069	0.829574037	-1.584876705	-1.126658238	1.210756606	0.609228667	0.945051139	-0.870218897
KF19Q11	983.33	22.08	8474.78	9.67	848.2	21927.71	3577.59	38.21	2971.07	2321.53	36.4	9.85	398.5	6.182658896	7.563894986	12.3554583	1.51340223	7.802764725	83.19966164	86.32259613	2.954465102	2.447964791	23.25713598	7.858626135	1.815549145	7.788600677	0.715053038	1.536998056	0.063771035	-0.250423463	-0.430727299	0.02124421	1.126658238	-0.715053038	0.177956597	0.02124421	2.280148711	1.373839467	-0.6436938
KF19Q12	1398.51	16.48	8187.79	16.96	1805.56	20551.87	3268.28	95.53	2410.3	2687.16	16.89	7.3	393.9	6.463452559	6.241106463	12.29310349	1.724419324	8.823777003	81.33830465	82.78828592	3.516437084	2.438367813	24.25706811	5.160143791	1.624460693	7.769377133	1.338323635	-0.542359867	0.00708093	1.074751777	1.338323635	-0.163586723	0.790255566	1.536998056	-0.221300119	0.221300119	0.339194414	0.301921554	-0.956176539
KF19Q13	1676.23	19.73	9761.65	17.32	1816.42	26583.81	3396.09	83.75	1603.29	3986.79	26.62	10.65	387.9	6.606629804	7.031481366	12.61281181	1.731457769	8.832012314	88.9767301	84.27006999	3.439456956	2.417251677	27.14042224	6.660611964	1.863407417	7.743991623	2.002809497	0.696883497	0.609228667	1.210756606	1.450595047	0.809758313	0.978790275	1.126658238	-1.15378684	1.025590291	1.584876705	1.584876705	-1.338323635
KF19Q14	1049.04	19.71	8525.63	10.06	1170.76	26915.15	2256.42	51.06	1775.23	2924.89	19.29	8.45	397.6	6.234465609	7.026820937	12.36630036	1.529790655	8.234330846	89.36136375	69.72144179	3.138945303	2.422847191	24.85329767	5.571164828	1.719273858	7.784855595	0.771048869	0.678941165	0.134944991	-0.163586723	0.509831534	0.89108913	-0.542359867	0.092181706	-0.956176539	0.354233577	0.6436938	0.945051139	-0.678941165
KF19Q15	1275.97	16	8702.97	6.14	1418.81	22939.03	1778.73	32.97	1487.91	1376.62	15.45	7.1	404.35	6.390652412	6.118124322	12.40364519	1.306117249	8.494463467	84.51902709	62.410866	2.858125736	2.413005696	19.96405493	4.896174795	1.606124404	7.812756601	1.18179227	-0.733461771	0.192363314	-1.636691647	0.934041501	0.221300119	-1.411178153	-1.049853854	-1.304420071	-0.542359867	0.00708093	0.185155152	-0.192363314
KF19Q16	927.48	17.34	7543.91	11.99	1082.7	24619.77	3147.19	51	1915.02	2698.33	16.36	6.4	403.6	6.135735116	6.457151533	12.14542608	1.599600139	8.129082287	86.62891092	81.35474028	3.138209914	2.426868461	24.28595562	5.064645518	1.536655453	7.80967764	0.592266244	-0.113537393	-0.430727299	0.430727299	0.192363314	0.526026123	0.592266244	0.063771035	-0.771048869	0.250423463	0.26506362	-0.206810069	-0.26506362
KF19Q17	776.89	15.2	6796.4	5.27	789.42	24936.66	2424.31	21.94	1141.47	3534.67	9	6.15	402.4	5.99301956	5.909077103	11.95842821	1.227836737	7.707395354	87.01592181	72.08530654	2.583128681	2.396896717	26.23087044	3.47794278	1.509581768	7.804740388	0.092181706	-0.880606067	-1.074751777	-2.121279302	-0.609228667	0.558839611	-0.221300119	-2.121279302	-2.121279302	0.752122489	-1.126658238	-0.392193489	-0.309340999
KF19Q18	1626.75	20.69	10708.39	11.06	1727.61	34406.16	3148.03	48.91	2778.19	2679.91	20.99	13.6	379.25	6.583003657	7.252530737	12.7826254	1.568070632	8.763235008	97.32692507	81.36478821	3.111971503	2.444970131	24.23826988	5.843742614	2.008273804	7.706753972	1.907180829	1.049853854	0.956176539	0.149250552	1.210756606	2.121279302	0.609228667	-0.149250552	0.035411754	0.206810069	0.978790275	2.121279302	-2.121279302
KF19Q19	1100.1	18.85	9273.4	10.08	1209.68	34258.35	3131.2	54.2	2028.66	5103.11	18.13	6.75	377.9	6.27246025	6.824188944	12.51912463	1.530607313	8.278451156	97.18150782	81.16318915	3.176136543	2.429848089	29.09217209	5.376654411	1.572480392	7.700872281	0.84972099	0.446318449	0.446318449	-0.149250552	0.626368225	2.002809497	0.534175181	0.235836786	-0.609228667	1.536998056	0.493769569	0.02124421	-2.533299536
KF19Q20	1416.78	23.51	10393.56	7.23	1577.79	30762.27	2491.6	42.04	4936.82	1691.52	21.47	10.4	381.05	6.473739398	7.874378822	12.72776856	1.38489867	8.639144055	93.61351233	73.00741312	3.015958283	2.468247095	21.21187471	5.918251638	1.84893233	7.714566475	1.411178153	1.755955277	0.934041501	-1.087454134	1.074751777	1.536998056	-0.092181706	-0.509831534	1.15378684	-0.309340999	1.001915966	1.536998056	-1.907180829
KF19Q21	1725.25	19.52	11629.23	14.36	1928.71	23047.54	1822.09	73.76	7653.14	963.86	19.32	7.95	382.5	6.629336959	6.982431119	12.93483503	1.666598513	8.914503064	84.65828118	63.11590551	3.364003114	2.482797423	17.94865044	5.576099387	1.680097284	7.720835343	2.121279302	0.575472548	1.271952968	0.809758313	1.584876705	0.26506362	-1.338323635	0.912354903	1.907180829	-1.18179227	0.661214792	0.626368225	-1.693315232
KF19Q23	1298.09	21.98	11012.41	9.51	1474.17	29611.38	2370.15	45.9	3609.88	2422.84	20.1	11.5	386.3	6.404313504	7.541820329	12.83418685	1.506411557	8.546531141	92.38033588	71.33285999	3.071891656	2.45622227	23.54545499	5.702792194	1.90970743	7.737161437	1.240773954	1.492404178	1.049853854	-0.294518693	0.978790275	1.304420071	-0.354233577	-0.309340999	0.715053038	0.063771035	0.829574037	1.755955277	-1.411178153
KF19Q24	850.74	17.85	9495.49	6.88	1006.22	21186.35	1540.48	27.57	4225.42	514.62	10.85	8.05	391.9	6.066268137	6.582803135	12.56229767	1.361498412	8.030795385	82.20663249	58.35670543	2.738998424	2.462453717	14.80241061	3.935119653	1.688167118	7.760954877	0.250423463	0.056677296	0.558839611	-1.304420071	0.02124421	-0.106413557	-1.755955277	-1.536998056	1.001915966	-2.002809497	-0.809758313	0.68788465	-1.074751777
KF19Q25	824.03	21.59	8806.16	8.83	837.16	26893.08	2618.18	46.08	2768.14	3017.06	15.75	6.75	403.85	6.040561144	7.455256732	12.42504936	1.47477761	7.785345555	89.33584185	74.70562162	3.074370167	2.444806201	25.07463684	4.952367473	1.572480392	7.810704542	0.192363314	1.240773954	0.221300119	-0.493769569	-0.462018859	0.870218897	-0.00708093	-0.294518693	0.02124421	0.462018859	0.099295118	0.02124421	-0.221300119
KF19Q27	953.05	17.67	9048.23	7.55	1137.71	23702.12	1791.31	29.83	2491.41	1860.61	17.19	5.95	417.3	6.157570387	6.53865826	12.47435518	1.404960358	8.195747674	85.48923616	62.61638191	2.791783635	2.439939053	21.81072498	5.213391352	1.486945276	7.865111491	0.6436938	0.02124421	0.339194414	-0.934041501	0.369353294	0.446318449	-1.373839467	-1.240773954	-0.177956597	-0.149250552	0.399851988	-0.509831534	0.509831534
KF19Q29	742.2	16.52	7530.42	10.98	948.61	18493.98	3585.65	50.59	2985.82	1839.81	15.24	5.5	413.05	5.956091819	6.251275493	12.14220782	1.565187363	7.95191374	78.39326773	86.41240205	3.133158691	2.448182641	21.73933263	4.856442964	1.432461844	7.848095414	-0.063771035	-0.526026123	-0.446318449	0.134944991	-0.163586723	-0.592266244	1.15378684	0.035411754	0.206810069	-0.177956597	-0.063771035	-0.742759799	0.279760815
KF19Q30	630.04	14.21	6850.38	8.18	822.65	24136.16	1299.93	41.13	3325.81	1221	9.84	5.8	398.75	5.823201371	5.642789965	11.97256049	1.441215119	7.762113688	86.03187084	53.89628914	3.00193258	2.452823492	19.26596716	3.692005853	1.469354735	7.789639604	-0.542359867	-1.240773954	-1.001915966	-0.752122489	-0.542359867	0.509831534	-2.280148711	-0.583848813	0.430727299	-0.733461771	-0.978790275	-0.558839611	-0.626368225
KF19Q31	832.01	18.29	9012.47	8.02	1058.08	25889.93	1337.33	27.64	3735.18	1443.14	16.31	6.6	393	6.048330521	6.689806024	12.46714959	1.43238274	8.098188448	88.16082451	54.61792929	2.74070508	2.457605462	20.24435669	5.05553944	1.557408742	7.765591975	0.221300119	0.26506362	0.324231584	-0.809758313	0.149250552	0.696883497	-2.121279302	-1.492404178	0.790255566	-0.493769569	0.250423463	-0.085072957	-1.025590291
KF19Q33	773.89	17.04	9793.92	7.08	987.33	23967.23	3159.09	28.37	2984.23	4681.21	20.56	12.2	393.05	5.989893935	6.382394375	12.61884858	1.375066298	8.005418029	85.82145048	81.49694868	2.758219926	2.44815923	28.39642071	5.776107649	1.944830092	7.76580247	0.077968503	-0.346704194	0.626368225	-1.18179227	-0.035411754	0.462018859	0.661214792	-1.411178153	0.192363314	1.373839467	0.89108913	2.002809497	-1.001915966
KF19Q41	368.017539	14.84808135	5662.88312	6.117553349	439.9392848	18776.05696	2284.697917	26.86830956	1597.523667	2599.629247	12.8934717	5.6	413.75	5.382161728	5.815417812	11.63451363	1.304294189	6.941686909	78.80939011	70.12619926	2.721617837	2.417049669	24.02750469	4.387772228	1.445024695	7.850909058	-2.121279302	-0.978790275	-1.826356298	-1.693315232	-2.002809497	-0.526026123	-0.509831534	-1.636691647	-1.18179227	0.163586723	-0.526026123	-0.678941165	0.316777511
KF19Q43	610.84	16.32	8045.24	6.59	662.61	23053.1	2402.69	24.13	1410.47	4461.63	17.76	7.05	409.95	5.798020081	6.200309253	12.26136848	1.340824105	7.476069061	84.66540477	71.78605817	2.64857115	2.409890076	28.01541832	5.313021774	1.601442493	7.835582267	-0.592266244	-0.583848813	-0.134944991	-1.450595047	-1.100334419	0.279760815	-0.26506362	-2.002809497	-1.492404178	1.240773954	0.430727299	0.149250552	0.134944991
KF19Q44	509.71	15.2	6981.89	7.44	585.98	23510.94	2463.33	29.63	2135.92	6268.94	16.18	7.9	397.3	5.650252069	5.909077103	12.00655979	1.398199122	7.314734474	85.24813301	72.62170388	2.787295882	2.432454937	30.81186773	5.031783695	1.676016153	7.783605509	-0.912354903	-0.880606067	-0.934041501	-1.001915966	-1.271952968	0.384557925	-0.177956597	-1.304420071	-0.477833997	2.533299536	0.192363314	0.592266244	-0.696883497
KF19Q45	467.91	15.92	6709.97	8.77	665.78	25022.99	2611.5	36.78	3016.67	3722.09	13.44	6.45	390.8	5.580094392	6.097452936	11.93558045	1.471824776	7.482351216	87.12078911	74.61714482	2.929714239	2.44863348	26.61798828	4.501298774	1.541916655	7.756305845	-1.18179227	-0.752122489	-1.100334419	-0.509831534	-1.074751777	0.575472548	-0.02124421	-0.829574037	0.221300119	0.84972099	-0.446318449	-0.185155152	-1.126658238
KF19Q51	473.81	15.05	6562.11	13.24	654.03	15823.94	2250.86	29.39	2389.05	1264.4	11.87	4.55	411.55	5.590380439	5.869287193	11.89584842	1.637010694	7.458920129	74.22830226	69.64153109	2.781865608	2.437943964	19.46710138	4.167008185	1.297325303	7.842051443	-1.15378684	-0.912354903	-1.18179227	0.6436938	-1.126658238	-1.100334419	-0.558839611	-1.373839467	-0.250423463	-0.6436938	-0.661214792	-1.411178153	0.214049476
KF19Q52	508.35	18.43	7444.81	6.71	589.57	22954.77	2753.98	31.17	1314.47	3629.47	19.2	9.95	398.95	5.648064345	6.723588062	12.12165771	1.349528956	7.322732524	84.53925374	76.47808403	2.821008635	2.405680475	26.42856576	5.556333015	1.821784209	7.790470315	-0.956176539	0.324231584	-0.509831534	-1.411178153	-1.240773954	0.235836786	0.063771035	-1.15378684	-1.693315232	0.809758313	0.626368225	1.430608769	-0.609228667
KF19Q54	487.34	14.01	5946.21	20.85	572.65	17075.85	2256.48	31.57	1335.22	2602.74	22.58	5.25	414.5	5.613477919	5.587905268	11.72080337	1.791206832	7.284620603	76.23484839	69.72230355	2.829460674	2.406625874	24.0357623	6.086748662	1.399806067	7.853918844	-1.001915966	-1.304420071	-1.584876705	1.636691647	-1.373839467	-0.870218897	-0.526026123	-1.100334419	-1.636691647	0.192363314	1.15378684	-0.829574037	0.354233577
KF19Q55	807.97	19.76	7754.7	12.17	972.45	22955.01	4717.36	58.51	1279.34	4654.85	32.19	8.65	390.3	6.024686854	7.038467683	12.19502721	1.605312884	7.985098247	84.53956208	98.07028688	3.223434607	2.404031643	28.35140387	7.370513708	1.734166114	7.754188686	0.163586723	0.733461771	-0.324231584	0.477833997	-0.092181706	0.250423463	2.533299536	0.446318449	-1.755955277	1.338323635	2.002809497	1.001915966	-1.18179227
KF19Q56	546.66	14.62	7239.82	7.75	711.72	20510.25	2801.69	36.56	1996.17	1647.59	14.36	5.8	401.8	5.707491652	5.754136273	12.07153959	1.416910713	7.570312453	81.28072729	77.08935777	2.925810941	2.429020345	21.04893777	4.686212654	1.469354735	7.802266704	-0.790255566	-1.025590291	-0.6436938	-0.912354903	-0.829574037	-0.177956597	0.163586723	-0.89108913	-0.626368225	-0.354233577	-0.257736636	-0.558839611	-0.384557925
KF19Q57	945.22	15.56	9276.69	10.26	1184.69	15562.73	2903.46	52.96	1707.59	1130.19	13.13	4.8	401.45	6.150948898	6.003797367	12.5197712	1.537857648	8.250281366	73.79647274	78.37442213	3.161745035	2.420739668	18.82700367	4.437257819	1.335992534	7.800822159	0.626368225	-0.84972099	0.477833997	-0.113537393	0.575472548	-1.18179227	0.339194414	0.149250552	-1.049853854	-0.84972099	-0.493769569	-1.18179227	-0.399851988
KF19Q58	650.33	21.14	10028.12	10.32	850.49	29773.8	2988	41.31	2927.15	2492.26	14.16	8.05	380.15	5.848965681	7.354420828	12.66211181	1.540235394	7.806350736	92.55627226	79.42321911	3.00473428	2.447307106	23.73780839	4.646642587	1.688167118	7.710664458	-0.399851988	1.100334419	0.733461771	-0.077968503	-0.399851988	1.373839467	0.399851988	-0.558839611	0.149250552	0.106413557	-0.301921554	0.68788465	-2.002809497
KF19Q59	1369.32	16.06	9860.84	14.73	1743.56	16264.14	2787.88	77.25	2279.45	2514.38	11.27	5.7	394.9	6.446725927	6.133594744	12.63130835	1.675679229	8.775833008	74.94546617	76.91301241	3.39159794	2.435671572	23.79825032	4.03214772	1.457318888	7.773573586	1.304420071	-0.696883497	0.661214792	0.84972099	1.240773954	-0.978790275	0.149250552	1.025590291	-0.294518693	0.120666995	-0.752122489	-0.626368225	-0.89108913
KF19Q60	665.72	17.28	7614.63	10.46	831.3	23375.84	2875.67	45.18	1872.57	3076.08	15.74	8	396.5	5.867960626	6.44225096	12.16221002	1.54570977	7.776009925	85.07696924	78.02600404	3.061867658	2.425691596	25.21370347	4.950504948	1.684147464	7.780267715	-0.354233577	-0.163586723	-0.399851988	-0.035411754	-0.509831534	0.354233577	0.294518693	-0.369353294	-0.829574037	0.526026123	0.077968503	0.6436938	-0.752122489
KF19Q61	679.88	17.13	8507.68	9.35	881.33	17361.92	2508.97	42.43	2157.01	1821.62	11.2	4.8	402.7	5.885041334	6.404888563	12.36248004	1.499256087	7.85376394	76.67956507	73.24321356	3.021865614	2.43294615	21.6763979	4.016131343	1.335992534	7.805975964	-0.309340999	-0.257736636	0.106413557	-0.384557925	-0.324231584	-0.752122489	-0.063771035	-0.493769569	-0.446318449	-0.192363314	-0.771048869	-1.18179227	-0.294518693
KF19Q62	790.17	20.48	9257.75	10.19	1012.51	32376.07	2137.28	45.39	3729.05	2412.26	14.15	8.1	382.05	6.006707658	7.204611676	12.51604603	1.535059156	8.039144369	95.2922085	67.98474544	3.064809691	2.457539301	23.5157754	4.644655164	1.692156664	7.718892164	0.120666995	0.956176539	0.430727299	-0.134944991	0.035411754	1.755955277	-0.752122489	-0.354233577	0.771048869	0.049586409	-0.324231584	0.733461771	-1.826356298
KF19Q64	612.03	14.79	7638.62	8.91	744.1	20011.3	2714.02	35.3	2211.24	1446.64	6	5.7	406	5.799604393	5.799856251	12.16787049	1.478671779	7.629101008	80.58436638	75.96161227	2.902936998	2.434179143	20.25883285	2.593879803	1.457318888	7.819511948	-0.575472548	-1.001915966	-0.369353294	-0.446318449	-0.771048869	-0.250423463	0.00708093	-0.934041501	-0.339194414	-0.462018859	-2.002809497	-0.626368225	-0.120666995
KF19Q66	750.72	17.62	7988.48	10.48	983.69	18890.08	2381.58	46.56	3092.32	1452.42	22.05	5.7	402.85	5.965323968	6.526356851	12.24858592	1.546483542	8.000474564	78.97642158	71.4924377	3.080926906	2.449712389	20.28268146	6.006940679	1.457318888	7.806593436	-0.02124421	-0.00708093	-0.163586723	-0.014162215	-0.049586409	-0.462018859	-0.324231584	-0.26506362	0.250423463	-0.446318449	1.100334419	-0.626368225	-0.279760815
KF19Q67	563.38	17.26	6993.79	9.64	830.57	21238.6	2183.33	48.49	1701.93	2833.27	13.95	6.35	399.7	5.732092729	6.437278487	12.00960671	1.512103731	7.774842542	82.27736758	68.66217013	3.106547283	2.420558058	24.62800214	4.604725532	1.531344261	7.793582091	-0.696883497	-0.177956597	-0.912354903	-0.26506362	-0.526026123	-0.077968503	-0.661214792	-0.177956597	-1.074751777	0.339194414	-0.384557925	-0.250423463	-0.51791185
KF19Q69	958.01	16.67	10890.88	13.09	1260.98	19969.53	3182.35	61.77	1985.11	1726	15.38	6.65	395.9	6.161735858	6.289302639	12.813737	1.632784684	8.334573106	80.52555007	81.77406476	3.256689734	2.428734285	21.33753999	4.882967642	1.562478304	7.77776032	0.661214792	-0.462018859	1.001915966	0.609228667	0.696883497	-0.26506362	0.696883497	0.575472548	-0.661214792	-0.294518693	-0.028327271	-0.035411754	-0.809758313
KF19Q75	893.81	20.05	10074.95	11.51	1186.71	28512.99	1847.73	52.86	4246.92	1238.31	8.64	6.8	385.35	6.106015599	7.105736761	12.67064923	1.583767338	8.252579437	91.17341306	63.52848382	3.160568028	2.462648288	19.34682567	3.382469932	1.577414408	7.733093747	0.493769569	0.790255566	0.771048869	0.272404862	0.592266244	1.100334419	-1.304420071	0.120666995	1.025590291	-0.696883497	-1.271952968	0.056677296	-1.536998056
KF19Q83	656.23	20.59	9902.97	11.48	914.26	31414.64	3363.13	50.19	2538.89	2521.76	11.62	6.95	383.25	5.85630199	7.229741918	12.63911203	1.582747493	7.902667326	94.29898656	83.89091792	3.128186314	2.440826202	23.8183266	4.111333388	1.591956929	7.724069327	-0.384557925	1.001915966	0.696883497	0.243123658	-0.221300119	1.584876705	0.934041501	-0.02124421	-0.134944991	0.134944991	-0.696883497	0.120666995	-1.584876705
KF19Q86	475.81	13.65	6400.34	8.72	710.47	16220.62	2029.83	38.94	1791.93	1759.83	17.79	4.75	410.25	5.593837259	5.488139249	11.8514088	1.469342629	7.567991962	74.87514198	66.37222667	2.966703535	2.423350402	21.45900919	5.318211117	1.328457005	7.836796996	-1.126658238	-1.492404178	-1.304420071	-0.542359867	-0.84972099	-1.001915966	-0.956176539	-0.678941165	-0.912354903	-0.26506362	0.45415466	-1.240773954	0.163586723
KF19Q87	499.86	21.21	7714.54	8.08	693.86	27396.93	3867.9	41.53	2204.07	3046.29	15.83	8.2	390.35	5.634269094	7.370174808	12.18567508	1.435723251	7.536780463	89.91507344	89.48999365	3.008140081	2.434018548	25.14376441	4.967241783	1.700047062	7.754400513	-0.978790275	1.15378684	-0.354233577	-0.771048869	-0.934041501	1.001915966	1.492404178	-0.542359867	-0.354233577	0.493769569	0.120666995	0.790255566	-1.15378684
KF19Q88	831.74	17.25	8074.93	11.29	930.47	20810.77	3737.71	53.82	2095.03	2050.05	15.15	6.6	402.35	6.048068906	6.434791195	12.26802126	1.576201653	7.926123936	81.69474361	88.08632519	3.171765736	2.431483064	22.43471827	4.839312852	1.557408742	7.804534377	0.206810069	-0.192363314	-0.077968503	0.206810069	-0.206810069	-0.134944991	1.304420071	0.192363314	-0.542359867	-0.035411754	-0.077968503	-0.085072957	-0.324231584
KF19Q91	864.16	16.61	8905.5	17.09	1262.47	19927.06	2000.25	88.75	2241.73	2741.02	13.6	6.15	401	6.07887152	6.274111922	12.44543471	1.726984655	8.33617027	80.4656644	65.92012244	3.47352488	2.434854064	24.39553494	4.534000145	1.509581768	7.798963192	0.309340999	-0.485786363	0.294518693	1.15378684	0.715053038	-0.279760815	-1.049853854	1.304420071	-0.309340999	0.26506362	-0.415240161	-0.392193489	-0.430727299
KF19Q94	384.71	15.75	7174.32	7.94	383.63	29936.92	2484.98	29.72	1725.63	4098.07	34.27	9.75	395.95	5.418838355	6.053357062	12.05524572	1.427874503	6.765038346	92.73232764	72.91730792	2.789319554	2.42131297	27.35225846	7.616242396	1.809236986	7.777969403	-1.636691647	-0.771048869	-0.752122489	-0.870218897	-2.121279302	1.411178153	-0.120666995	-1.271952968	-1.001915966	1.100334419	2.121279302	1.338323635	-0.790255566
KF19Q98	777.66	18.48	9110.21	12.8	1065.67	24130.24	3407.43	67.73	1275.04	5439.37	15.72	8.15	388.2	5.993819795	6.735622676	12.48678128	1.62442106	8.107785357	86.02451338	84.40005071	3.31269397	2.403825498	29.61624419	4.946777733	1.696116512	7.745269411	0.106413557	0.354233577	0.354233577	0.567136467	0.163586723	0.493769569	1.001915966	0.790255566	-1.826356298	1.755955277	0.063771035	0.761551579	-1.304420071
KF19Q99	644.03	20.39	10097.12	11.96	903.92	29365.5	2784.28	58.98	3644.69	4006.86	18.75	10.3	390.1	5.841055771	7.184001481	12.67467805	1.598636464	7.887495901	92.11277253	76.86696375	3.228355277	2.456613162	27.17895495	5.481530699	1.843023893	7.753341127	-0.462018859	0.934041501	0.790255566	0.415240161	-0.250423463	1.271952968	0.134944991	0.462018859	0.752122489	1.049853854	0.592266244	1.492404178	-1.210756606
KF19Q100	608.8	16.85	7823.2	11.12	839.78	23295.99	3012.81	48.69	1466.85	1968.19	13.58	7.1	399.2	5.795296693	6.334715233	12.21087502	1.570214198	7.789499277	84.97549542	79.72790711	3.109136776	2.412181095	22.17065688	4.529925346	1.606124404	7.791508169	-0.609228667	-0.384557925	-0.294518693	0.163586723	-0.446318449	0.339194414	0.430727299	-0.163586723	-1.373839467	-0.077968503	-0.430727299	0.185155152	-0.558839611
KF19Q101	556.73	14.47	7228.58	10.89	745.74	17091.95	2176.97	54.08	1061.87	4635.15	15.75	6.35	404.25	5.722399632	5.713578963	12.06875333	1.561908711	7.632012966	76.26000763	68.56908092	3.174760004	2.392206331	28.31763506	4.952367473	1.531344261	7.812346375	-0.752122489	-1.100334419	-0.678941165	0.092181706	-0.752122489	-0.84972099	-0.678941165	0.221300119	-2.280148711	1.304420071	0.099295118	-0.250423463	-0.206810069
KF19Q102	478.07	10.69	5224.23	8.44	703.65	15831.38	1064.6	43.12	1473.26	1895.77	3.66	3.7	416.65	5.597725464	4.613407861	11.49261441	1.455069044	7.555262091	74.24053253	49.06816533	3.03216965	2.412433812	21.93004844	1.689230575	1.143670421	7.862519341	-1.100334419	-2.280148711	-2.121279302	-0.65242926	-0.89108913	-1.074751777	-2.533299536	-0.462018859	-1.338323635	-0.120666995	-2.533299536	-2.002809497	0.462018859
KF19Q108	649.53	17.31	7114.78	10.84	888.79	25063.68	3786.81	56.39	1769.46	2981.89	16.41	7.55	394.75	5.847965642	6.4497044	12.04031343	1.560070978	7.864994073	87.17013315	88.61881477	3.200675552	2.422671795	24.99078862	5.073734645	1.646543923	7.772944739	-0.415240161	-0.149250552	-0.84972099	0.077968503	-0.309340999	0.592266244	1.338323635	0.354233577	-0.978790275	0.415240161	0.279760815	0.430727299	-0.934041501
KF19Q109	912.14	18.86	9600.81	16.97	1118.2	29104.99	3145.94	63.89	2919.33	6006.15	29.66	11.65	378.65	6.122335444	6.826570784	12.58244248	1.724617623	8.172464319	91.82766353	81.33978529	3.277278395	2.447188565	30.44675537	7.058195285	1.917447825	7.704142258	0.558839611	0.462018859	0.592266244	1.100334419	0.294518693	1.240773954	0.575472548	0.678941165	0.134944991	2.121279302	1.907180829	1.826356298	-2.280148711
KF19Q111	638.28	14.49	6972.64	11.2	867.65	20506.43	2417.51	48.93	2101.24	1921.94	8.96	5.55	400.45	5.83376639	5.718998432	12.00418803	1.573047499	7.832931733	81.2754388	71.99134452	3.112228497	2.431632354	22.01778318	3.467451034	1.438777519	7.796688525	-0.477833997	-1.074751777	-0.956176539	0.192363314	-0.354233577	-0.192363314	-0.235836786	-0.134944991	-0.526026123	-0.106413557	-1.167675078	-0.715053038	-0.446318449
KF19Q112	869.63	17.85	8514.55	16.11	1238.82	26292.23	3327.42	80.59	2044.77	4402.07	27.84	8.45	385.8	6.083950821	6.582803135	12.36394308	1.706947562	8.31060353	88.63561363	83.47781968	3.416730102	2.430251718	27.90964018	6.823334202	1.719273858	7.735021691	0.339194414	0.056677296	0.120666995	1.025590291	0.661214792	0.771048869	0.870218897	1.049853854	-0.592266244	1.18179227	1.693315232	0.945051139	-1.492404178
KF19Q114	518.28	17.05	6693.41	8.46	691.52	27245.21	2174.96	41.92	1984.43	2749.31	12.62	7.75	419.35	5.663900855	6.384896591	11.93117145	1.456110219	7.532326024	89.74140294	68.53963015	3.014128294	2.428716625	24.41666474	4.329862555	1.663582659	7.873262585	-0.870218897	-0.316777511	-1.126658238	-0.61777576	-0.956176539	0.978790275	-0.696883497	-0.526026123	-0.678941165	0.294518693	-0.558839611	0.50178437	0.661214792
KF19Q115	480.72	18.3	7174.72	8.62	706.22	26827.07	1610.07	39.4	8105.29	1887.43	8.74	8.85	414.15	5.602260552	6.692223206	12.05534565	1.464318697	7.560072943	89.25942445	59.57449556	2.974284253	2.4845247	21.90189675	3.409229677	1.748647297	7.852514899	-1.049853854	0.279760815	-0.733461771	-0.575472548	-0.870218897	0.84972099	-1.636691647	-0.661214792	2.002809497	-0.134944991	-1.210756606	1.113399888	0.339194414
KF19Q116	581.8	16.68	7522.13	9.4	806.22	27040.57	3041.33	43.98	3420.21	3235.61	13.96	7.75	416.7	5.758337521	6.291831826	12.14022743	1.501510278	7.735329155	89.50613747	80.07645852	3.044756978	2.453996382	25.5797821	4.606730272	1.663582659	7.862718869	-0.678941165	-0.446318449	-0.462018859	-0.354233577	-0.558839611	0.934041501	0.446318449	-0.430727299	0.493769569	0.626368225	-0.369353294	0.50178437	0.477833997
KF19Q117	688.74	16.61	7825.92	10.41	938.9	25359.28	3422.72	50.49	2150.15	3130.51	14.16	7.7	420.05	5.895543109	6.274111922	12.21150163	1.543766344	7.938168284	87.52701743	84.57493115	3.131919733	2.432787107	25.34018212	4.646642587	1.659373284	7.87603753	-0.26506362	-0.485786363	-0.279760815	-0.049586409	-0.177956597	0.626368225	1.049853854	0.02124421	-0.462018859	0.558839611	-0.301921554	0.477833997	0.733461771
KF19Q118	451.96	16.25	7168.75	8.75	689.23	30608.03	3065.74	41.13	2518.54	3002.47	19.33	9.7	412.35	5.55160264	6.18239905	12.05385372	1.470834274	7.527952767	93.4500395	80.37335654	3.00193258	2.440448818	25.03994301	5.577743202	1.806051448	7.8452774	-1.240773954	-0.609228667	-0.771048869	-0.526026123	-0.978790275	1.492404178	0.462018859	-0.583848813	-0.163586723	0.446318449	0.678941165	1.271952968	0.250423463
KF19Q119	764.95	17.34	7951.71	12.71	999.14	19598	3841.47	54.46	2090.62	2480.12	8.11	6.55	424.95	5.980504877	6.457151533	12.24025981	1.621771922	8.021337796	79.99877389	89.2071588	3.179107378	2.431376672	23.70446422	3.237391398	1.552292478	7.895344418	0.02124421	-0.113537393	-0.206810069	0.542359867	-0.02124421	-0.339194414	1.450595047	0.279760815	-0.558839611	0.092181706	-1.338323635	-0.134944991	1.126658238
KF19Q122	771.82	16.79	7137.71	13.33	1127.93	27123.32	2992.98	64.1	1531.83	3936.52	10.98	7.45	418.3	5.987729954	6.319604152	12.04607792	1.639514609	8.184124375	89.60141312	79.48448897	3.279276102	2.414674286	27.04326176	3.965393163	1.63781837	7.869092204	0.063771035	-0.430727299	-0.809758313	0.661214792	0.354233577	0.956176539	0.415240161	0.696883497	-1.271952968	0.978790275	-0.790255566	0.369353294	0.558839611
KF19Q123	514.87	12.08	5782.1	7.8	695.85	13285.81	2027.72	37.63	2114.1	1769.36	7.06	4.55	434.85	5.65849811	5.037205123	11.67130298	1.419831735	7.540557335	69.81134312	66.34009758	2.944553342	2.431939571	21.49290915	2.931884284	1.297325303	7.933738019	-0.89108913	-1.907180829	-1.693315232	-0.89108913	-0.912354903	-1.636691647	-0.978790275	-0.790255566	-0.509831534	-0.250423463	-1.636691647	-1.411178153	1.826356298
KF19Q124	873.79	21.22	10333.41	14.15	1157.7	28901.34	3835.79	66.28	2527.77	5368.05	16.64	9.95	408	6.087791664	7.372423301	12.7171115	1.661299145	8.219210564	91.6036031	89.14623605	3.299591385	2.440620509	29.50717471	5.115328617	1.821784209	7.827666624	0.399851988	1.18179227	0.89108913	0.790255566	0.446318449	1.210756606	1.411178153	0.752122489	-0.149250552	1.693315232	0.324231584	1.430608769	0.028327271
KF19Q125	384.34	14.85	5855.76	7.05	574.75	23577.79	2897.7	34.85	2173.57	2692.93	8.7	5.3	423.95	5.41804333	5.815931363	11.69368124	1.373065165	7.28940899	85.33258695	78.30235699	2.894545393	2.433327197	24.27200159	3.398548295	1.406485845	7.891420853	-1.693315232	-0.956176539	-1.636691647	-1.225627238	-1.338323635	0.415240161	0.324231584	-0.956176539	-0.415240161	0.235836786	-1.240773954	-0.799968905	1.025590291
KF19Q126	597.71	16.58	7178.09	18.2	848.45	21189.36	2382.77	55.33	1457.17	2794.99	14.71	6.65	430.4	5.780324865	6.266506511	12.05618731	1.747841278	7.803156662	82.21071051	71.50902744	3.188934016	2.411796533	24.53224105	4.754659568	1.562478304	7.916580388	-0.6436938	-0.509831534	-0.715053038	1.411178153	-0.415240161	-0.092181706	-0.309340999	0.324231584	-1.411178153	0.309340999	-0.185155152	-0.035411754	1.373839467
KF19Q127	733.5	17.89	8098.75	11.67	1017.8	28517.6	2096.98	54.82	2788.18	4137.76	14.73	8.45	425.35	5.946551062	6.592583531	12.27334221	1.589145004	8.046127644	91.17854244	67.38529547	3.183194736	2.445132266	27.42676385	4.758540684	1.719273858	7.896911477	-0.106413557	0.077968503	-0.049586409	0.369353294	0.063771035	1.126658238	-0.829574037	0.294518693	0.063771035	1.126658238	-0.163586723	0.945051139	1.15378684
KF19Q128	743.34	17.97	10021.49	11.53	1036.92	17120.66	2740.26	55.02	2070.36	1374.78	11.37	6.25	433.25	5.957333427	6.612112327	12.66090011	1.584445192	8.071081139	76.30483338	76.30122396	3.185452529	2.430883855	19.95615765	4.054923392	1.520568388	7.927587573	-0.049586409	0.156414619	0.715053038	0.316777511	0.106413557	-0.829574037	0.049586409	0.309340999	-0.575472548	-0.558839611	-0.715053038	-0.324231584	1.636691647
KF19Q130	676.61	21.68	8864.58	12.12	975.18	31768.99	1958.72	50.47	3440.15	2814.82	21.62	7.6	410.05	5.881129669	7.475300305	12.43706346	1.603737803	7.988848476	94.66736883	65.27912784	3.131671612	2.454238382	24.58197034	5.941327118	1.650854403	7.835987267	-0.324231584	1.288016806	0.26506362	0.45415466	-0.077968503	1.636691647	-1.210756606	0.00708093	0.526026123	0.324231584	1.049853854	0.446318449	0.149250552
KF19Q131	915.33	17.32	10166.02	15.06	1342.49	14692.85	2015.06	75.52	2477.03	3000.79	10.72	6.35	431.8	6.125141004	6.452187478	12.68714626	1.683515736	8.4193979	72.32276929	66.14693611	3.378097569	2.439665717	25.03593995	3.904624173	1.531344261	7.921995739	0.575472548	-0.134944991	0.829574037	0.912354903	0.84972099	-1.411178153	-1.025590291	0.978790275	-0.192363314	0.430727299	-0.829574037	-0.250423463	1.492404178
KF19Q132	436.21	13.06	6418.67	9.58	674.1	14689.42	2323.14	36.45	2193.08	3173.43	5.73	4.5	436.8	5.522431063	5.321811767	11.8564966	1.509489867	7.498704127	72.31684533	70.67205188	2.923849421	2.433770976	25.43875045	2.502049	1.289282933	7.941205919	-1.304420071	-1.584876705	-1.271952968	-0.279760815	-1.025590291	-1.450595047	-0.493769569	-0.912354903	-0.369353294	0.609228667	-2.280148711	-1.514324716	2.121279302
KF19Q133	398.94	21.77	8033.38	6.16	541.18	32999.95	3900.99	29.61	1677.92	3068.04	15.44	7.35	412.8	5.448830275	7.495303269	12.25870455	1.30773384	7.210774893	95.92629829	89.84260596	2.786845243	2.419778217	25.19487819	4.894290296	1.628949883	7.847089483	-1.536998056	1.338323635	-0.149250552	-1.584876705	-1.492404178	1.826356298	1.536998056	-1.338323635	-1.100334419	0.509831534	-0.00708093	0.339194414	0.26506362
KF19Q134	1548.77	18.28	12950.89	24.05	2308.81	11812.88	2023.16	126.51	3299.6	939.6	13.41	6.55	427.95	6.544220502	6.687388195	13.1346911	1.834379533	9.163136352	66.98551329	66.2705994	3.676746179	2.452489602	17.81116422	4.495140883	1.552292478	7.907064591	1.693315232	0.250423463	1.907180829	1.907180829	2.121279302	-2.280148711	-1.001915966	2.280148711	0.399851988	-1.210756606	-0.462018859	-0.134944991	1.240773954
KF19Q135	1341.88	19.53	11608.55	19.37	1961.69	22370.02	4147.07	103.44	2419.06	4824.37	19.61	8.15	405.1	6.430663065	6.984772674	12.9315423	1.767999408	8.937857751	83.78155796	92.41482659	3.562386726	2.438541028	28.63762084	5.62356111	1.696116512	7.815830336	1.271952968	0.592266244	1.240773954	1.492404178	1.636691647	0.134944991	1.755955277	1.755955277	-0.206810069	1.450595047	0.715053038	0.761551579	-0.142094136
KF19Q138	1617.07	19.81	13374.38	21.71	2125.09	17022.03	2490.77	108.1	5201.39	2286.79	16.15	8.25	418.65	6.578294894	7.05010004	13.1947068	1.803669971	9.04829108	76.1506303	72.99612316	3.587651968	2.470113223	23.15608428	5.026285088	1.703948708	7.870483395	1.826356298	0.771048869	2.121279302	1.693315232	1.826356298	-0.89108913	-0.106413557	1.826356298	1.210756606	0.00708093	0.163586723	0.819625945	0.609228667
KF19Q139	1281.55	17.42	9797.29	20.81	1850.26	18303.5	2911.41	95.73	2342.7	4468.11	16.45	8.05	420.15	6.394121485	6.476979838	12.61947794	1.790609871	8.857374644	78.10988429	78.47375811	3.517650685	2.43700102	28.02686239	5.080993796	1.688167118	7.876433605	1.210756606	-0.077968503	0.6436938	1.584876705	1.492404178	-0.609228667	0.354233577	1.584876705	-0.26506362	1.271952968	0.294518693	0.68788465	0.752122489
KF19Q140	1192.46	16.81	12042.94	17.24	1767.63	17419.71	2887.76	88.62	3487.48	1013.46	7.63	6.35	417.4	6.336777959	6.324644106	12.99958306	1.72991128	8.794637111	76.76881293	78.1778092	3.472666577	2.454805069	18.2218148	3.100923182	1.531344261	7.865509955	1.049853854	-0.415240161	1.492404178	1.18179227	1.271952968	-0.715053038	0.309340999	1.271952968	0.575472548	-1.100334419	-1.450595047	-0.250423463	0.526026123
KF19Q143	872.85	18.63	9280.87	13.85	1249.36	28568.83	2217.3	70.78	2655.79	2945.12	24.15	7.8	413.45	6.086925434	6.771631393	12.52059238	1.653536742	8.32205499	91.23550729	69.15687259	3.339258143	2.442915414	24.9023244	6.316662592	1.667759288	7.849703745	0.384557925	0.399851988	0.493769569	0.733461771	0.678941165	1.15378684	-0.626368225	0.89108913	-0.035411754	0.399851988	1.304420071	0.534175181	0.294518693
KF19Q144	1423.87	25.82	12070.21	15.55	1412.54	25290.8	3186.92	87.12	6068.93	3816.41	24.4	9.7	399	6.477694564	8.357049092	13.00377762	1.694723163	8.488444153	87.44458651	81.82838008	3.462659916	2.475410188	26.80726823	6.352423643	1.806051448	7.790677933	1.450595047	2.121279302	1.536998056	0.956176539	0.89108913	0.609228667	0.733461771	1.240773954	1.492404178	0.912354903	1.373839467	1.271952968	-0.583848813
KF19Q145	869.26	18.2	8080	17.01	1319.84	16979.16	2102.54	83.97	2629.33	2927.81	14.97	5.5	418.45	6.08360829	6.668022256	12.26915503	1.725409202	8.396332652	76.08342048	67.46837295	3.441003332	2.442453864	24.86038996	4.804865557	1.432461844	7.869688559	0.324231584	0.192363314	-0.063771035	1.126658238	0.790255566	-0.912354903	-0.809758313	1.15378684	-0.049586409	0.369353294	-0.106413557	-0.742759799	0.592266244
KF19Q146	749.4	19.38	7974.69	14.38	1180.93	28204.49	1980.06	83.31	4329.5	3517.52	19.75	10.8	406.5	5.963900735	6.949587612	12.24546755	1.667097615	8.245993757	90.82889899	65.6094229	3.436350518	2.463383076	26.19467988	5.646320562	1.871896464	7.82155406	-0.035411754	0.558839611	-0.177956597	0.829574037	0.558839611	1.074751777	-1.126658238	1.100334419	1.049853854	0.733461771	0.752122489	1.636691647	-0.092181706
KF19Q147	1157.7	21.68	10818.65	18.92	1791.62	26367.29	2148.64	113.72	4410.93	4703.88	21.84	17.3	389.8	6.31319541	7.475300305	12.80148161	1.760450894	8.813136273	88.72366431	68.15259763	3.616547669	2.464088794	28.4349832	5.97499526	2.143749466	7.752069042	0.934041501	1.288016806	0.978790275	1.450595047	1.304420071	0.790255566	-0.733461771	2.121279302	1.074751777	1.411178153	1.074751777	2.533299536	-1.240773954
KF19Q149	694.71	17.63	8478.88	9.48	834.38	22541.08	2090.95	48.02	1980.75	5153.45	12.92	6.1	416.5	5.902541031	6.528818496	12.35633474	1.505082659	7.780924536	84.004556	67.29505831	3.10041462	2.428620906	29.17225518	4.393349794	1.504007053	7.861920627	-0.250423463	0.00708093	0.077968503	-0.324231584	-0.477833997	0.163586723	-0.84972099	-0.206810069	-0.696883497	1.584876705	-0.509831534	-0.422971049	0.446318449
KF19Q150	958.64	21.93	11102.58	12.12	1160.98	28668.62	2833.03	63.44	2833.63	5591.27	25.67	11.9	396.9	6.162263347	7.530764601	12.84922394	1.603737803	8.223023305	91.34627395	77.48778672	3.272972731	2.44585984	29.84499709	6.530725119	1.930084125	7.781937382	0.678941165	1.450595047	1.074751777	0.45415466	0.462018859	1.18179227	0.235836786	0.661214792	0.077968503	1.826356298	1.492404178	1.907180829	-0.733461771
KF19Q151	539.66	12.92	7039.07	8.63	764.62	17758.55	2827.77	49.4	1160.22	3965.89	20.05	6	416.8	5.696960656	5.28180852	12.02115627	1.464824715	7.665101279	77.28818928	77.4210855	3.118234243	2.397935744	27.10014016	5.694761723	1.492689841	7.863117858	-0.809758313	-1.636691647	-0.89108913	-0.558839611	-0.678941165	-0.661214792	0.206810069	-0.077968503	-2.002809497	1.001915966	0.809758313	-0.477833997	0.493769569
KF19Q152	1769.19	21.83	13277.85	27.25	2556.47	18848.59	3157.89	152.39	1712.99	3380.25	18.7	8.25	403.8	6.649132017	7.508616141	13.18118472	1.870253919	9.304818307	78.91572076	81.4826217	3.780050724	2.420912157	25.90010422	5.47315204	1.703948708	7.810499208	2.280148711	1.373839467	2.002809497	2.121279302	2.533299536	-0.493769569	0.6436938	2.533299536	-1.025590291	0.696883497	0.575472548	0.819625945	-0.235836786
KF19Q154	1473.4	20.33	14276.09	27.82	1917.02	21501.82	3407.85	99.76	1940.01	4314.97	24.74	8.8	399.7	6.504770539	7.170236652	13.31679287	1.876034276	8.906132923	82.63196643	84.40486025	3.541517236	2.427544446	27.75299026	6.400701976	1.745064406	7.793582091	1.536998056	0.89108913	2.533299536	2.280148711	1.536998056	-0.035411754	1.025590291	1.693315232	-0.752122489	1.15378684	1.450595047	1.062220505	-0.51791185
KF19Q155	771.59	17.93	8566.66	9.94	1115.51	23059.3	2478.02	68.1	3334.19	1847.05	11.35	6.9	406.25	5.987489142	6.60235325	12.37500469	1.524843054	8.169223581	84.673347	72.82243261	3.315987141	2.452929474	21.76425141	4.050378058	1.587151983	7.820533292	0.049586409	0.134944991	0.149250552	-0.221300119	0.279760815	0.294518693	-0.134944991	0.829574037	0.446318449	-0.163586723	-0.733461771	0.099295118	-0.106413557
KF19Q156	877.51	23.26	11902.61	10.71	1171.3	21577.04	4711.08	62.05	3241.44	2477.04	9.56	7.85	399	6.091210315	7.820778051	12.97785672	1.555237434	8.234952551	82.73277049	98.0101203	3.259453957	2.451735352	23.69598501	3.621934891	1.671903636	7.790677933	0.430727299	1.693315232	1.411178153	0.035411754	0.526026123	0.00708093	2.280148711	0.609228667	0.339194414	0.077968503	-1.049853854	0.558839611	-0.583848813
KF19Q158	756.03	18.33	7912.94	9.46	852.3	25474.55	2734.32	53.73	1973.8	5898.92	20.36	15.75	407.4	5.971023268	6.699470886	12.23144177	1.504193487	7.809178556	87.66543788	76.22450242	3.170725485	2.428439458	30.29430645	5.744355546	2.091718502	7.825224072	-0.00708093	0.294518693	-0.250423463	-0.339194414	-0.369353294	0.6436938	0.035411754	0.177956597	-0.715053038	2.002809497	0.870218897	2.280148711	-0.049586409
KF19Q159	1121.11	20.38	12476.1	13.95	1499.88	23625.59	3999.78	76.76	2567.12	3303.33	16.16	8.8	404.6	6.287568396	7.181708719	13.06518514	1.656149877	8.570078345	85.39287707	90.88565564	3.387808757	2.441342811	25.73107234	5.028118648	1.745064406	7.813781759	0.89108913	0.912354903	1.693315232	0.771048869	1.025590291	0.430727299	1.584876705	1.001915966	-0.092181706	0.6436938	0.177956597	1.062220505	-0.177956597
KF19Q160	631.19	16.05	8046	11.76	892.14	14922.02	2836.06	44.98	1989.42	1609.15	10.46	4.55	419.05	5.824684391	6.131018304	12.26153907	1.592125283	7.870007753	72.71650986	77.52617877	3.059051455	2.428846024	20.90365279	3.842949769	1.297325303	7.872072024	-0.526026123	-0.715053038	-0.120666995	0.384557925	-0.294518693	-1.338323635	0.250423463	-0.384557925	-0.6436938	-0.384557925	-0.880606067	-1.411178153	0.6436938
KF19Q161	593.15	19.18	8414.75	11.66	833.12	25583.52	2225.15	50.3	2577.19	2556.5	18.53	7.1	408	5.774085368	6.90246658	12.3425804	1.588811897	7.778916117	87.79591176	69.27059798	3.129558128	2.441525184	23.91224112	5.444561993	1.606124404	7.827666624	-0.661214792	0.542359867	0.035411754	0.354233577	-0.493769569	0.661214792	-0.609228667	-0.00708093	-0.077968503	0.149250552	0.542359867	0.185155152	0.028327271
KF19Q162	730.26	19.74	9233.01	16.08	722.24	26103.25	3168.77	42.48	2841.67	3786.82	14.77	7.65	408.55	5.942968074	7.033810714	12.51116937	1.706307677	7.589688475	88.41318627	81.61241048	3.022618567	2.445986858	26.74827102	4.766293288	1.655130693	7.829902743	-0.120666995	0.715053038	0.399851988	1.001915966	-0.809758313	0.715053038	0.678941165	-0.477833997	0.092181706	0.89108913	-0.134944991	0.462018859	0.063771035
KF19Q163	673.98	13.67	7915.71	18.03	972.19	11870.46	2782.22	51.02	1546.49	1240.09	11.93	3.9	428.95	5.877969408	5.493715283	12.23207313	1.744762851	7.984740556	67.10024233	76.84059896	3.138455151	2.415216503	19.35509197	4.18026352	1.183423117	7.9109546	-0.339194414	-1.450595047	-0.235836786	1.373839467	-0.106413557	-2.121279302	0.120666995	0.077968503	-1.240773954	-0.678941165	-0.6436938	-1.790047176	1.338323635
KF19Q164	428.86	17.53	6337.77	10.29	762.98	22222.37	2463.95	61.89	3127.01	3472.64	12.72	5.85	407.6	5.508443508	6.504171262	11.83393831	1.539048921	7.662258293	83.58816694	72.63018903	3.257876115	2.450194937	26.09933848	4.351126222	1.475278844	7.826038622	-1.373839467	-0.035411754	-1.338323635	-0.092181706	-0.715053038	0.106413557	-0.163586723	0.592266244	0.279760815	0.715053038	-0.542359867	-0.526026123	-0.02124421
KF19Q172	708.75	19.58	8062.57	10.69	964.23	29698.35	3491.98	60.02	2326.75	6077.67	36.82	9.3	399.45	5.918756805	6.99647167	12.26525448	1.554486599	7.973745152	92.47462275	85.36177032	3.239089294	2.436670513	30.54729776	7.905391555	1.779829629	7.792545427	-0.221300119	0.626368225	-0.092181706	0.02124421	-0.120666995	1.338323635	1.100334419	0.509831534	-0.279760815	2.280148711	2.533299536	1.15378684	-0.542359867
KF19Q173	1082.3	17.08	7426.97	10.75	1110.75	20157.87	4234.33	65.33	2180.44	2936.49	15.84	7.8	399.9	6.25942551	6.39239894	12.11734755	1.556733296	8.163470657	80.79010993	93.30671536	3.290831743	2.433484093	24.88144105	4.969097847	1.667759288	7.794410995	0.829574037	-0.279760815	-0.526026123	0.049586409	0.250423463	-0.235836786	1.826356298	0.733461771	-0.399851988	0.384557925	0.134944991	0.534175181	-0.477833997
KF19Q175	400.82	16.24	6818.15	7.23	533.62	21563.11	3306.88	34.79	1899.58	3143.48	19.72	6.8	407.95	5.452709875	6.179837375	11.96413505	1.38489867	7.192422832	82.71412017	83.23910579	2.893417355	2.426444644	25.37007541	5.641451838	1.577414408	7.827463204	-1.492404178	-0.626368225	-1.049853854	-1.087454134	-1.536998056	-0.00708093	0.84972099	-1.001915966	-0.790255566	0.575472548	0.733461771	0.056677296	0.00708093
KF19Q177	374.67	21.17	7047.9	6.42	475.64	34057.81	4318.13	34.8	3111.46	3908.55	26.2	9.45	389.15	5.396980341	7.361175649	12.02340044	1.328109326	7.042781278	96.98354762	94.15378089	2.893605512	2.449979557	26.98879627	6.603542794	1.789820044	7.74930978	-1.826356298	1.126658238	-0.870218897	-1.536998056	-1.693315232	1.907180829	1.907180829	-0.978790275	0.26506362	0.956176539	1.536998056	1.18179227	-1.271952968
KF19Q179	930.7	18.39	8162.48	10	1035.2	22537.68	4128.32	54.39	2406.99	5285.15	16.97	8.85	396.3	6.13851877	6.713948882	12.28750677	1.527327132	8.068854484	84.00013462	92.22183954	3.178309102	2.438302134	29.37901359	5.174399151	1.748647297	7.779432303	0.609228667	0.309340999	-0.02124421	-0.177956597	0.092181706	0.149250552	1.693315232	0.26506362	-0.235836786	1.636691647	0.369353294	1.113399888	-0.771048869
KF19Q180	408.75	17.05	6105.72	7.46	562.46	26718.38	2123.41	37.67	2168.3	3748.5	15.47	7.15	407.9	5.468870256	6.384896591	11.76770786	1.399438697	7.261144079	89.13332589	67.77914009	2.945242386	2.433206373	26.67134876	4.899941564	1.610766575	7.827259761	-1.411178153	-0.316777511	-1.450595047	-0.978790275	-1.450595047	0.829574037	-0.790255566	-0.752122489	-0.430727299	0.870218897	0.02124421	0.235836786	-0.00708093
KF19Q184	1171.14	17.04	8465.19	21.95	1812.62	21974	2814.94	110.81	2736.08	3538.29	17.79	7.45	397.95	6.322399202	6.382394375	12.35340674	1.8070266	8.82913609	83.26092261	77.25810382	3.601790417	2.444277678	26.23849256	5.318211117	1.63781837	7.786312937	0.978790275	-0.346704194	0.049586409	1.755955277	1.411178153	0.035411754	0.192363314	1.907180829	-0.00708093	0.771048869	0.45415466	0.369353294	-0.661214792
KF19Q185	404.09	14.31	6427.55	6.88	362.77	21987.11	2231.43	30.36	1408.58	5621.33	17.82	7.9	408.95	5.459413375	5.670090785	11.85895651	1.361498412	6.693219831	83.27825705	69.36141965	2.803515156	2.409811076	29.88970874	5.323395127	1.676016153	7.83152728	-1.450595047	-1.18179227	-1.240773954	-1.304420071	-2.280148711	0.049586409	-0.592266244	-1.210756606	-1.536998056	1.907180829	0.477833997	0.592266244	0.077968503
KF19Q186	451.99	13.76	5961.66	8.35	618.07	18749.53	1966.98	36.66	1413.68	2188.15	12.13	6.5	414.7	5.551657198	5.518758257	11.72539758	1.450341125	7.384620612	78.7704346	65.40720745	2.927588417	2.410023914	22.86270516	4.224156688	1.547128719	7.854720612	-1.210756606	-1.411178153	-1.536998056	-0.696883497	-1.18179227	-0.542359867	-1.15378684	-0.84972099	-1.450595047	-0.00708093	-0.609228667	-0.163586723	0.384557925
KF19Q190	707.6	17.13	7160.47	15.3	1175.11	18785.28	2360.97	84.84	2121.74	1412.22	7.57	6.55	395.65	5.917441109	6.404888563	12.05178258	1.689067191	8.239331235	78.82292583	71.20438876	3.447074423	2.432120858	20.11530577	3.083500288	1.552292478	7.776714545	-0.235836786	-0.257736636	-0.790255566	0.934041501	0.542359867	-0.509831534	-0.369353294	1.18179227	-0.493769569	-0.509831534	-1.492404178	-0.134944991	-0.839604913
KF19Q191	719.5	16.32	6512.67	14.91	1140.89	22338.61	3349.02	90.51	2222.89	3605.07	20.84	7.45	392.15	5.930950193	6.200309253	11.88237644	1.679983469	8.199506421	83.74048837	83.72798089	3.485008374	2.434438544	26.37805791	5.8202458	1.63781837	7.762009808	-0.163586723	-0.583848813	-1.210756606	0.870218897	0.384557925	0.120666995	0.89108913	1.373839467	-0.324231584	0.790255566	0.956176539	0.369353294	-1.049853854
KF19Q193	370.89	20.18	6660.47	6.88	457.75	26245.52	3468.75	33.74	1966.48	2397.03	14.75	8.4	400.35	5.388593884	7.135737499	11.922371	1.361498412	6.993065938	88.58073535	85.098826	2.873316574	2.428247386	23.47287848	4.762418588	1.715484044	7.796274642	-2.002809497	0.829574037	-1.15378684	-1.304420071	-1.826356298	0.752122489	1.074751777	-1.025590291	-0.733461771	0.035411754	-0.149250552	0.89108913	-0.462018859
KF19Q195	852.84	19.8	9877.43	13.56	1144.68	21518.01	2857.99	66.96	3523.85	2744.11	16.94	7.5	401.2	6.068253835	7.047774717	12.634385	1.645808509	8.203973101	82.65368275	77.8033766	3.305775585	2.455233315	24.40341646	5.169058203	1.64219875	7.799789636	0.26506362	0.752122489	0.678941165	0.696883497	0.399851988	-0.02124421	0.279760815	0.771048869	0.626368225	0.279760815	0.354233577	0.407534012	-0.415240161
KF19Q196	862.56	19.68	7850.44	17.73	1290.61	19109.54	3073.56	93.27	1792.13	2006.41	10.46	7.3	391.75	6.077379528	7.019825961	12.21714113	1.739231061	8.365999954	79.29603499	80.46819603	3.502522446	2.423356389	22.29495659	3.842949769	1.624460693	7.760321622	0.294518693	0.661214792	-0.26506362	1.304420071	0.752122489	-0.415240161	0.477833997	1.492404178	-0.89108913	-0.063771035	-0.880606067	0.301921554	-1.100334419
KF19Q197	394.98	12.57	5455.98	8.6	562.7	18865.42	2827.97	46.39	1865.98	3325.54	19.9	6.2	386.1	5.440596247	5.180863832	11.56891237	1.46330422	7.261701678	78.94035411	77.42362292	3.078613416	2.425505569	25.78018109	5.670596799	1.51510189	7.736305843	-1.584876705	-1.826356298	-1.907180829	-0.592266244	-1.411178153	-0.477833997	0.221300119	-0.279760815	-0.84972099	0.661214792	0.790255566	-0.354233577	-1.450595047
KF19Q198	258.87	9.79	3954.29	4.94	323.68	10414.16	1623.33	19.52	982.34	737.67	9.27	5.6	424.25	5.089431094	4.324486392	11.00819478	1.193295752	6.547288842	64.07666446	59.80323727	2.501717943	2.387004619	16.54819971	3.548029422	1.445024695	7.892598812	-2.533299536	-2.533299536	-2.533299536	-2.280148711	-2.533299536	-2.533299536	-1.584876705	-2.533299536	-2.533299536	-1.536998056	-1.074751777	-0.678941165	1.074751777
KF19Q199	551.01	22.13	7590.54	9.03	750.02	31837.39	3217.61	50.76	2545.93	3374.54	16.08	5.1	411.4	5.713966029	7.574913998	12.15650917	1.484423127	7.639583673	94.7381634	82.19203285	3.135258642	2.440955779	25.88765675	5.01343074	1.379295344	7.841445937	-0.771048869	1.584876705	-0.415240161	-0.399851988	-0.733461771	1.693315232	0.771048869	0.049586409	-0.106413557	0.678941165	0.149250552	-0.901671045	0.177956597
KF19Q200	658.37	21.01	7732.94	10.97	976.22	26948.6	2344.61	60.68	3171.24	1930.09	15.68	11.35	399.75	5.858946145	7.325095674	12.18996555	1.564824909	7.990274491	89.40001912	70.97475335	3.24579384	2.450799502	22.04492192	4.939314619	1.901843851	7.793789353	-0.369353294	1.074751777	-0.339194414	0.120666995	-0.063771035	0.912354903	-0.399851988	0.542359867	0.309340999	-0.092181706	0.049586409	1.693315232	-0.493769569
KF19Q201	738.31	18.5	8139.82	10.95	1017.23	16925.38	2453.49	58.19	3947.05	1078.39	14.71	5.8	397.1	5.951840239	6.740432067	12.28248226	1.564098626	8.045376866	75.99894712	72.48687895	3.220058978	2.459803375	18.56456273	4.754659568	1.469354735	7.782771638	-0.077968503	0.384557925	-0.035411754	0.106413557	0.049586409	-0.934041501	-0.192363314	0.430727299	0.870218897	-0.956176539	-0.185155152	-0.558839611	-0.715053038
KF19Q203	870.97	20.06	9403.27	10.26	1196.92	18616.96	2724.56	58.08	3250.72	1635.79	19.88	8.75	394.8	6.085190082	7.108047878	12.54448637	1.537857648	8.264137915	78.57520262	76.0982423	3.218893804	2.451856957	21.00461381	5.667366428	1.741456789	7.773154379	0.369353294	0.809758313	0.526026123	-0.113537393	0.609228667	-0.575472548	0.02124421	0.415240161	0.354233577	-0.369353294	0.771048869	1.025590291	-0.912354903
KF19Q204	874.08	18.46	8813.34	11.51	1166.76	15000.13	2773.33	56.67	2183.72	1537.03	14.68	6	422	6.088058712	6.730810742	12.42652994	1.583767338	8.229717059	72.84979528	76.72669762	3.203735871	2.433558759	20.62385522	4.748831857	1.492689841	7.883745465	0.415240161	0.339194414	0.235836786	0.272404862	0.493769569	-1.304420071	0.077968503	0.384557925	-0.384557925	-0.415240161	-0.206810069	-0.477833997	0.89108913
KF19Q205	632.48	20.2	7614.69	9.98	904.74	19007.79	2154.3	49.74	2786.53	1240.98	14.99	9.5	402.3	5.826344639	7.140344607	12.1622242	1.526501404	7.888705103	79.14815432	68.23604621	3.122539093	2.445105543	19.35922176	4.808705462	1.793107602	7.804328342	-0.509831534	0.84972099	-0.384557925	-0.192363314	-0.235836786	-0.430727299	-0.715053038	-0.049586409	0.049586409	-0.661214792	-0.092181706	1.210756606	-0.339194414
KF19Q206	711.49	21.86	7807.9	11.48	999.75	22093.57	1938.41	52.46	3175.81	1305.6	23.38	4.85	422.5	5.921882735	7.515265874	12.20734657	1.582747493	8.022155168	83.41876862	64.96293322	3.155834951	2.450861299	19.65327749	6.205079073	1.343433642	7.885716604	-0.206810069	1.411178153	-0.309340999	0.243123658	-0.00708093	0.063771035	-1.240773954	0.106413557	0.324231584	-0.626368225	1.240773954	-1.100334419	0.912354903
KF19Q210	616.01	20.67	8683.23	9.36	880.61	23199.16	3131.2	44.47	6482.01	1776.72	14.52	6.85	407.35	5.804880179	7.247977285	12.39952362	1.499708259	7.852675254	84.85213348	81.16318915	3.051806227	2.477575948	21.51899588	4.717627434	1.582304705	7.825020377	-0.558839611	1.025590291	0.177956597	-0.369353294	-0.339194414	0.309340999	0.534175181	-0.415240161	1.636691647	-0.235836786	-0.221300119	0.077968503	-0.063771035
KF19Q211	479.5	25.15	9008.1	6.81	648.05	28041.28	3088	36.61	3376.35	1648.86	15.27	8.35	402.05	5.600175914	8.219306558	12.46626721	1.356619947	7.446839953	90.6456247	80.64297378	2.926700359	2.453457108	21.05369394	4.86213929	1.711666824	7.803297817	-1.074751777	2.002809497	0.309340999	-1.373839467	-1.15378684	1.049853854	0.493769569	-0.870218897	0.477833997	-0.339194414	-0.049586409	0.859924779	-0.354233577
KF19Q212	525.31	26.86	9458.82	8.19	667.49	30484.6	2431.12	43.8	6022.71	1459.43	16.49	4.95	415.4	5.674924217	8.567444766	12.55523469	1.441759191	7.485728129	93.31882712	72.17926169	3.042145351	2.475155116	20.31150926	5.088242193	1.358041081	7.857524012	-0.829574037	2.280148711	0.542359867	-0.733461771	-1.049853854	1.450595047	-0.206810069	-0.446318449	1.411178153	-0.430727299	0.309340999	-0.990286919	0.399851988
KF19Q218	434.29	18.49	7382.6	7.05	575.82	24899.07	2337.56	38.22	1780.96	2602.11	22.61	5.35	412	5.518800777	6.738027689	12.10658564	1.373065165	7.291842348	86.97018504	70.87552533	2.954634515	2.423020589	24.03409055	6.091231778	1.413089776	7.84386675	-1.338323635	0.369353294	-0.558839611	-1.225627238	-1.304420071	0.542359867	-0.415240161	-0.696883497	-0.934041501	0.177956597	1.18179227	-0.771048869	0.235836786
KF19Q219	558.81	16.97	7426.22	8.86	763.19	22733.08	2345.62	52.94	1804.69	3035.54	29.21	3.9	418.4	5.725444244	6.364858739	12.11716614	1.476243628	7.66262266	84.25351958	70.98895556	3.161509833	2.423730517	25.11839957	7.000961795	1.183423117	7.869489796	-0.733461771	-0.369353294	-0.542359867	-0.462018859	-0.696883497	0.192363314	-0.384557925	0.134944991	-0.870218897	0.477833997	1.826356298	-1.790047176	0.575472548
KF19Q221	1054.019635	27.69343338	10932.1961	9.496524611	1485.922203	26116.07566	2811.86128	53.27447542	13910.14312	1665.806092	20.56874273	7.9	387.3	6.238254126	8.733194178	12.82071307	1.505815362	8.55734312	88.42831563	77.21893362	3.165430282	2.499013968	21.11689447	5.777491345	1.676016153	7.741433332	0.790255566	2.533299536	1.025590291	-0.309340999	1.001915966	0.733461771	0.177956597	0.163586723	2.533299536	-0.324231584	0.912354903	0.592266244	-1.373839467
KF19Q222	603.65	24.65	10311.68	8.4	903.4	40395.24	1980.51	45.76	12889.56	907.3	19.48	7	383.2	5.788379353	8.115341721	12.71324724	1.452976408	7.886728546	102.9005379	65.61636677	3.069956391	2.497150154	17.62389515	5.602338458	1.596720214	7.723853908	-0.626368225	1.907180829	0.870218897	-0.678941165	-0.26506362	2.533299536	-1.100334419	-0.324231584	2.280148711	-1.271952968	0.696883497	0.134944991	-1.636691647
KF19Q223	1906.07	22.98	13431.75	19.43	2540.52	19752.3	2328.28	112.19	3504.68	1185.29	28.47	7.2	403.7	6.707693257	7.760409951	13.20270015	1.76898753	9.296098294	80.21834615	70.74465926	3.608842107	2.455008364	19.09638724	6.905663688	1.615369617	7.810088471	2.533299536	1.636691647	2.280148711	1.536998056	2.280148711	-0.309340999	-0.430727299	2.002809497	0.609228667	-0.752122489	1.755955277	0.26506362	-0.250423463
KF19Q224	870.55	21.37	9337.99	9	1228.09	15571.55	1735.14	57.4	10799.63	494.32	14.48	4.7	409.4	6.084801869	7.406088799	12.53177932	1.482995253	8.298849388	73.81113195	61.69250107	3.211635635	2.492603209	14.61670389	4.709793606	1.320824845	7.833353146	0.354233577	1.210756606	0.509831534	-0.415240161	0.6436938	-1.15378684	-1.450595047	0.399851988	2.121279302	-2.280148711	-0.235836786	-1.271952968	0.120666995
KF19Q225	898.76	20.56	9254.81	11.93	1299.54	19147.7	2541.79	68.01	5448.25	1806.62	24.59	4.95	426.55	6.110456565	7.222894734	12.51546715	1.597669435	8.375336051	79.35136108	73.68631365	3.315187946	2.471739133	21.6241425	6.379452901	1.358041081	7.901604571	0.509831534	0.978790275	0.415240161	0.399851988	0.771048869	-0.399851988	-0.035411754	0.809758313	1.240773954	-0.206810069	1.411178153	-0.990286919	1.18179227
KF19Q226	1585.46	24.15	11642.6	17.63	2135.21	25641.04	2323.74	97.72	4806.88	1153.56	17.64	7.15	407.15	6.562713321	8.010341446	12.93696093	1.737358247	9.054860349	87.86463408	70.680532	3.529573598	2.467278837	18.94244306	5.292210784	1.610766575	7.824205369	1.755955277	1.826356298	1.304420071	1.271952968	1.907180829	0.678941165	-0.462018859	1.636691647	1.126658238	-0.809758313	0.415240161	0.235836786	-0.077968503
KF19Q228	792.22	18.65	9516.56	13.66	1321.96	19409.02	1993.76	75.4	5911.44	910.88	14.94	4.6	411.55	6.00879948	6.776421838	12.56634443	1.648499065	8.398507534	79.72828411	65.82043796	3.377148317	2.474529734	17.64489671	4.799099831	1.305261402	7.842051443	0.134944991	0.415240161	0.575472548	0.715053038	0.809758313	-0.369353294	-1.074751777	0.956176539	1.338323635	-1.240773954	-0.120666995	-1.321182026	0.214049476
KF19Q231	1164.38	18.27	11742.27	12.23	1664.87	15310.56	2975.29	70.34	6053.43	1139	16.21	7.3	419.65	6.317783619	6.68496972	12.95273748	1.607191192	8.712574856	73.37500511	79.26659082	3.335505886	2.475324951	18.87073149	5.037276089	1.624460693	7.874452366	0.956176539	0.235836786	1.338323635	0.493769569	1.15378684	-1.271952968	0.384557925	0.870218897	1.450595047	-0.829574037	0.206810069	0.301921554	0.715053038
KF19Q232	1241.85	18.87	12555.74	14.99	1806.28	18916.58	3649.41	85.25	6545.93	1044.17	16.99	6.1	414.55	6.369093458	6.828952007	13.07701454	1.681873436	8.824324457	79.01514545	87.11895065	3.4499114	2.477893952	18.38592721	5.177956586	1.504007053	7.854119319	1.126658238	0.485786363	1.755955277	0.89108913	1.373839467	-0.446318449	1.210756606	1.210756606	1.693315232	-1.049853854	0.384557925	-0.422971049	0.369353294
KF19Q234	486.7	15.63	7327.76	24.52	770.53	12909.54	1450.18	37.83	3019	1056.11	13.23	5.3	435.6	5.612400349	6.022090417	12.09320041	1.840051201	7.675298212	69.11006372	56.73052314	2.947990392	2.44866727	18.44875142	4.458015966	1.406485845	7.936613911	-1.025590291	-0.829574037	-0.592266244	2.002809497	-0.6436938	-1.826356298	-1.826356298	-0.733461771	0.235836786	-0.978790275	-0.477833997	-0.799968905	1.907180829
KF19Q235	1428.91	17.54	11930.05	18	2012.82	13803.75	3642.77	89.41	3347.94	871.18	21.53	5	433.6	6.480493794	6.506639071	12.98212382	1.744215425	8.973332176	70.755445	87.04568838	3.477860821	2.453102571	17.40842479	5.927493589	1.365211483	7.928934759	1.492404178	-0.02124421	1.450595047	1.338323635	1.693315232	-1.536998056	1.18179227	1.338323635	0.462018859	-1.304420071	1.025590291	-0.934041501	1.755955277
KF19Q236	1246.45	18.95	11198.12	30.51	1659.47	22179.07	3185.42	73.86	3488.54	1232.17	23.76	6.3	428.6	6.372035408	6.847979644	12.86503258	1.901253252	8.708129476	83.53129139	81.81055702	3.364813977	2.454817638	19.31824263	6.260421799	1.525982205	7.909594042	1.15378684	0.526026123	1.100334419	2.533299536	1.126658238	0.092181706	0.715053038	0.934041501	0.592266244	-0.715053038	1.271952968	-0.301921554	1.271952968
KF19Q237	969.24	19.58	11249.49	13.17	1356.61	14748.05	3832.54	59.78	3628.71	1167.11	22.22	6.75	409.25	6.171085288	6.99647167	12.87348055	1.635046851	8.43358891	72.41797947	89.11135479	3.236630791	2.456434365	19.00856939	6.032665654	1.572480392	7.832744729	0.696883497	0.626368225	1.126658238	0.626368225	0.870218897	-1.373839467	1.373839467	0.493769569	0.733461771	-0.771048869	1.126658238	0.02124421	0.106413557
KF19Q238	716.41	20.26	10159.71	13.43	1045.44	16219.93	4488.42	50.07	3441.85	850.71	18.28	6	420.9	5.927464661	7.154152578	12.68600769	1.642269424	8.082058953	74.874026	95.84769849	3.126685947	2.454258924	17.28330543	5.402225791	1.492689841	7.879401419	-0.177956597	0.870218897	0.809758313	0.678941165	0.120666995	-1.025590291	2.121279302	-0.035411754	0.542359867	-1.338323635	0.509831534	-0.477833997	0.809758313
KF19Q239	904.96	18.75	11312.26	16.76	1150.22	17371.45	4350.53	48.99	4210.3	840.18	14.36	6.6	419.4	6.115983511	6.800336505	12.88375451	1.720419029	8.210476814	76.69429626	94.47886239	3.112998775	2.462316057	17.21805603	4.686212654	1.557408742	7.873460936	0.526026123	0.430727299	1.15378684	1.049853854	0.415240161	-0.733461771	2.002809497	-0.120666995	0.978790275	-1.373839467	-0.257736636	-0.085072957	0.678941165
KF19Q240	648.71	19.58	10044.64	10.78	952.48	13068.14	3213.63	46.71	5075.67	689.97	10.64	4.6	423.55	5.846939282	6.99647167	12.66512776	1.557850143	7.957354582	69.40728762	82.14498081	3.082960381	2.469243336	16.21230187	3.885745518	1.305261402	7.889849054	-0.430727299	0.626368225	0.752122489	0.063771035	-0.149250552	-1.693315232	0.752122489	-0.250423463	1.18179227	-1.693315232	-0.84972099	-1.321182026	0.978790275
KF19Q241	682.53	17.9	12272.29	10.48	954.78	20207.36	3387.04	45.41	2899.45	827.17	8.96	4.25	416.2	5.888197119	6.595026961	13.0345877	1.546483542	7.960578135	80.85935609	84.16616636	3.06508909	2.44688521	17.13658182	3.467451034	1.247381593	7.860722605	-0.279760815	0.099295118	1.584876705	-0.014162215	-0.134944991	-0.221300119	0.956176539	-0.339194414	0.106413557	-1.411178153	-1.167675078	-1.610243846	0.430727299
KF19Q242	733.82	16.11	8175.01	7.97	1002.53	19286.28	1851.16	48.48	4071.09	1052.11	14.34	4.85	417.9	5.946904051	6.146465207	12.29027951	1.429572433	8.025874199	79.55166802	63.58343747	3.106417495	2.461015458	18.42776473	4.682270829	1.343433642	7.867500966	-0.092181706	-0.678941165	-0.00708093	-0.839604913	0.00708093	-0.384557925	-1.271952968	-0.192363314	0.934041501	-1.001915966	-0.279760815	-1.100334419	0.542359867
KF19Q245	1539.59	17.97	11551.47	23.46	2055.83	17202.96	2243.62	93.02	3422.36	1047.48	20.65	6.65	409	6.539522785	6.612112327	12.92242533	1.827038621	9.002510806	76.43305518	69.53731196	3.500960071	2.45402257	18.40339736	5.790334662	1.562478304	7.831730245	1.584876705	0.156414619	1.210756606	1.826356298	1.755955277	-0.790255566	-0.575472548	1.450595047	0.509831534	-1.025590291	0.934041501	-0.035411754	0.092181706
KF19Q246	758.94	17.35	8819.04	9.95	1111.73	22658.65	2477.71	56.51	3914.32	1352.84	14	4.95	419.5	5.974129116	6.459632512	12.42770452	1.525258507	8.16465701	84.15717337	72.81820344	3.201989196	2.459474684	19.86137122	4.614740491	1.358041081	7.873857573	0.00708093	-0.092181706	0.250423463	-0.206810069	0.26506362	0.177956597	-0.149250552	0.369353294	0.84972099	-0.575472548	-0.354233577	-0.990286919	0.696883497
KF19Q247	1013.29	16.16	9144	12.39	1458.39	17245.99	2045.76	68.3	3769.99	1095.58	16.24	3.85	433.35	6.206709519	6.15931617	12.49352246	1.612138239	8.531883038	76.49993323	66.61420356	3.317758905	2.457978325	18.65268894	5.04276229	1.173720115	7.927972585	0.752122489	-0.661214792	0.369353294	0.526026123	0.956176539	-0.771048869	-0.934041501	0.84972099	0.809758313	-0.89108913	0.235836786	-1.907180829	1.693315232
KF19Q248	770.41	18.9	10379.59	12.33	1154.13	23546.3	3351.39	59.22	3473.29	1444.94	18.41	4.95	420.65	5.986252506	6.83609198	12.72529858	1.610293518	8.215048946	85.29282434	83.7553751	3.23085106	2.454636298	20.25180488	5.424284367	1.358041081	7.878412686	0.035411754	0.509831534	0.912354903	0.509831534	0.430727299	0.399851988	0.912354903	0.477833997	0.558839611	-0.477833997	0.526026123	-0.990286919	0.771048869
KF19Q249	322.66	17.9	7341.03	6.05	527.91	17560.64	2136.2	32.19	5954.34	493.66	6.46	3.35	430.6	5.273103007	6.595026961	12.09644789	1.298751316	7.178395871	76.9856379	67.96876216	2.842327244	2.474772774	14.61057031	2.744698549	1.067420649	7.917354996	-2.280148711	0.099295118	-0.575472548	-1.755955277	-1.584876705	-0.696883497	-0.771048869	-1.074751777	1.373839467	-2.533299536	-1.755955277	-2.533299536	1.411178153
KF19Q250	1190.04	17.43	12583.57	12.8	1519.45	20326.76	3269.6	65	3279.48	1347.68	12.21	5.6	421	6.335159255	6.479455245	13.08113177	1.62442106	8.587744369	81.02595838	82.80375073	3.287755506	2.452230781	19.83891047	4.241590368	1.445024695	7.879796762	1.025590291	-0.063771035	1.826356298	0.567136467	1.049853854	-0.206810069	0.809758313	0.715053038	0.369353294	-0.592266244	-0.592266244	-0.678941165	0.829574037
KF19Q251	882.23	14.51	8643.29	11.17	1121.06	22095.64	2386.24	56.17	3793.78	1015.38	6.12	5.1	418.7	6.095526492	5.724414249	12.3911576	1.571988305	8.175901684	83.42149626	71.55737659	3.198259059	2.458230405	18.23218429	2.633884836	1.379295344	7.87068205	0.462018859	-1.049853854	0.163586723	0.177956597	0.324231584	0.077968503	-0.294518693	0.339194414	0.829574037	-1.074751777	-1.907180829	-0.901671045	0.626368225
KF19Q252	519.91	15.02	7298.42	7.97	793.33	19854.32	2393.2	40.14	4196.72	724.05	7.12	4.5	424.1	5.666470453	5.861305998	12.0860007	1.429572433	7.713947098	80.36289903	71.65423722	2.986273814	2.462191831	16.45400224	2.950060919	1.289282933	7.892009928	-0.84972099	-0.934041501	-0.609228667	-0.839604913	-0.592266244	-0.294518693	-0.279760815	-0.6436938	0.956176539	-1.584876705	-1.584876705	-1.514324716	1.049853854
KF19Q253	727.23	15.73	8730.62	11.58	1101.56	20680.41	2056.12	61.45	3600.37	651.42	7.65	5.15	423.2	5.939602439	6.048154057	12.40940364	1.586132725	8.152296536	81.51564107	66.77101684	3.253513397	2.456114566	15.92779086	3.106712243	1.386212498	7.888472614	-0.134944991	-0.799968905	0.206810069	0.339194414	0.221300119	-0.149250552	-0.912354903	0.558839611	0.696883497	-1.755955277	-1.411178153	-0.859924779	0.956176539
KF19Q255	509.43	17.91	8051.48	8.99	730.88	35472.78	3134.03	40.69	6473.35	3090.26	13.75	9.7	407.55	5.649802148	6.597469723	12.26276861	1.482517829	7.605400764	98.36419579	81.19713003	2.995025799	2.477532529	25.24681502	4.56444532	1.806051448	7.825835019	-0.934041501	0.120666995	-0.106413557	-0.430727299	-0.790255566	2.280148711	0.558839611	-0.626368225	1.584876705	0.542359867	-0.399851988	1.271952968	-0.035411754
KF19Q257	437.96	11.97	5144.38	5.7	464.04	12589.53	1352.16	26.17	3296.6	1106.91	10.44	3.4	447.65	5.52572558	5.004566107	11.46559173	1.268596139	7.010754343	68.50289704	54.90100296	2.70380909	2.45245115	18.7102046	3.83816705	1.078889846	7.982208821	-1.271952968	-2.002809497	-2.280148711	-1.86524627	-1.755955277	-1.907180829	-1.907180829	-1.907180829	0.384557925	-0.870218897	-0.912354903	-2.280148711	2.533299536
KF19Q259	1225.55	18.23	11865.39	16.02	1724.2	16602.47	4059.18	81.88	2940.97	2016.01	15.49	6.35	408.1	6.358577427	6.675289347	12.97205404	1.705022935	8.760527193	75.48796639	91.50601173	3.426126308	2.447515527	22.32589689	4.903705365	1.531344261	7.828073397	1.074751777	0.206810069	1.373839467	0.978790275	1.18179227	-0.956176539	1.636691647	1.074751777	0.163586723	-0.049586409	0.035411754	-0.250423463	0.049586409
KF19Q260	380.71	16.37	7234.18	5.7	520.25	24094.38	1576.78	26.7	5481.03	599.7	7.27	6.2	413.75	5.410201341	6.213079288	12.07014201	1.268596139	7.159348655	85.97992049	58.99562419	2.717373279	2.471947331	15.52540791	2.995097694	1.51510189	7.850909058	-1.755955277	-0.558839611	-0.661214792	-1.86524627	-1.636691647	0.477833997	-1.693315232	-1.755955277	1.271952968	-1.907180829	-1.536998056	-0.354233577	0.316777511
KF19Q261	681.05	12.84	6874.77	7.49	788.4	17583.83	2078.43	40.81	2723.84	615.28	5.74	6.2	421.85	5.886436205	5.25885441	11.97891184	1.401289455	7.705681092	77.02120574	67.10724244	2.996917727	2.444073619	15.64928825	2.505496642	1.51510189	7.883153706	-0.294518693	-1.693315232	-0.978790275	-0.956176539	-0.626368225	-0.678941165	-0.89108913	-0.609228667	-0.02124421	-1.826356298	-2.121279302	-0.354233577	0.870218897
KF19Q262	911.79	14.05	8352.23	11.31	1285.84	19530.26	1960.88	62.9	2543.44	760.78	6.34	4.9	415.85	6.122027008	5.598912677	12.32907677	1.57689785	8.360987655	79.9020163	65.31264943	3.267760584	2.440910006	16.70507223	2.706003131	1.350782468	7.859323914	0.542359867	-1.271952968	0.02124421	0.221300119	0.733461771	-0.354233577	-1.18179227	0.6436938	-0.120666995	-1.492404178	-1.826356298	-1.049853854	0.415240161
KF19Q263	720.14	14.24	7293.69	8.26	933.7	15719	2496.81	44.75	3169.48	718.09	8.1	4.15	431.65	5.931670184	5.650990038	12.08483748	1.445542106	7.930751096	74.05538875	73.07823425	3.055795443	2.450775669	16.4123614	3.234599283	1.229777366	7.921416293	-0.149250552	-1.210756606	-0.626368225	-0.715053038	-0.192363314	-1.126658238	-0.077968503	-0.399851988	0.294518693	-1.636691647	-1.373839467	-1.693315232	1.450595047
KF19Q265	562	14.33	7117.67	8.06	770.3	12296.16	2088.23	37.07	2746.07	1319.77	12.52	4.8	439.85	5.730090974	5.675539752	12.04104092	1.434613575	7.67490278	67.93721888	67.25430752	2.934819751	2.444443287	19.71628496	4.308495907	1.335992534	7.952825485	-0.715053038	-1.15378684	-0.829574037	-0.790255566	-0.661214792	-2.002809497	-0.870218897	-0.809758313	0.00708093	-0.609228667	-0.575472548	-1.18179227	2.280148711
KF19Q266	1404.32	16.18	8873.05	10.64	1105.55	23411.94	2326.03	54.07	2917.55	1538.24	12.11	6.3	427.25	6.466738819	6.164451116	12.43879918	1.552600971	8.157158902	85.1227699	70.71288672	3.174645138	2.44716152	20.62863041	4.219787321	1.525982205	7.904336629	1.373839467	-0.6436938	0.279760815	0.00708093	0.235836786	0.369353294	-0.446318449	0.206810069	0.120666995	-0.399851988	-0.626368225	-0.301921554	1.210756606
KF19Q267	801.49	14.43	6054.82	8.84	793.46	19637.63	2378.72	49.49	2623.52	4054.36	22.86	7.15	422.65	6.01818937	5.702729034	11.75286617	1.475267048	7.714164399	80.05527731	71.45254792	3.119376982	2.442351653	27.26957434	6.128450821	1.610766575	7.886307529	0.149250552	-1.126658238	-1.492404178	-0.477833997	-0.575472548	-0.324231584	-0.339194414	-0.063771035	-0.063771035	1.074751777	1.210756606	0.235836786	0.934041501
KF19Q269	636.58	11.42	5439.46	6.49	605.42	14270.49	2194.49	31.25	4549.61	1800.53	10.17	4.85	433	5.831598284	4.839126717	11.56357476	1.333400654	7.357495711	71.58630353	68.8251559	2.82270872	2.465249915	21.60283338	3.773046124	1.343433642	7.926624688	-0.493769569	-2.121279302	-2.002809497	-1.492404178	-1.210756606	-1.492404178	-0.6436938	-1.126658238	1.100334419	-0.221300119	-0.956176539	-1.100334419	1.584876705
KF19Q270	714.85	13.94	6234.13	7.15	684.29	18623.35	1633.11	30.68	5547.2	1091.71	8.52	6.05	428.9	5.925699077	5.568605294	11.80464279	1.379690281	7.51847117	78.58463409	59.97129004	2.810487887	2.472362372	18.63294047	3.350107772	1.498376751	7.910760296	-0.192363314	-1.355867773	-1.411178153	-1.15378684	-1.001915966	-0.558839611	-1.536998056	-1.18179227	1.304420071	-0.934041501	-1.304420071	-0.446318449	1.304420071
KF19Q271	647.08	12.83	6306.93	8.44	893.63	13007.33	1341.79	49.18	3571.36	505.72	10.39	4.25	436.25	5.844895097	5.25598024	11.82526795	1.455069044	7.872231928	69.293611	54.70324194	3.115431041	2.455783561	14.72168534	3.826185762	1.247381593	7.939102684	-0.446318449	-1.755955277	-1.373839467	-0.65242926	-0.279760815	-1.755955277	-2.002809497	-0.092181706	0.661214792	-2.121279302	-0.934041501	-1.610243846	2.002809497
KF19Q272	880.38	16.84	10179.5	9.68	1124.8	21410.17	2844.49	49.06	7420.6	1092.86	11.73	6.7	404.75	6.093837616	6.332198547	12.68957638	1.513833824	8.180384049	82.50882768	77.63287387	3.1138961	2.481852792	18.63881438	4.135919378	1.567501936	7.814396576	0.446318449	-0.399851988	0.84972099	-0.235836786	0.339194414	-0.049586409	0.26506362	-0.106413557	1.826356298	-0.912354903	-0.678941165	-0.00708093	-0.163586723
KF19Q273	889.8	15.73	9221.29	10.37	1085.91	15356.81	3661.23	47.44	3568.71	1164.78	9.09	6.6	423.65	6.102399317	6.048154057	12.5088549	1.542202272	8.1330606	73.45264846	87.24918528	3.092753375	2.455753138	18.99723996	3.501445706	1.557408742	7.890242131	0.477833997	-0.799968905	0.384557925	-0.063771035	0.206810069	-1.240773954	1.240773954	-0.235836786	0.6436938	-0.790255566	-1.100334419	-0.085072957	1.001915966
KF19Q274	813.6	17.16	8501.61	11.53	1070.95	17181.72	3662.12	54.26	4045.43	1748.33	16.22	6.45	424.35	6.030288531	6.41237379	12.36118645	1.584445192	8.114422935	76.40000268	87.25898208	3.176823534	2.460768963	21.41791672	5.03910551	1.541916655	7.892991295	0.177956597	-0.228562415	0.092181706	0.316777511	0.177956597	-0.809758313	1.271952968	0.250423463	0.89108913	-0.279760815	0.221300119	-0.185155152	1.100334419
KF19Q275	1229.76	18.05	11415.12	13.08	1417.51	16006.45	2775.59	62.51	4068.79	2111.48	9.66	7.1	420.75	6.361307296	6.631598696	12.90047565	1.632500567	8.49321754	74.52722866	76.75567241	3.263965007	2.460993452	22.62770023	3.647102123	1.606124404	7.878808244	1.100334419	0.177956597	1.18179227	0.592266244	0.912354903	-1.049853854	0.092181706	0.626368225	0.912354903	-0.02124421	-1.025590291	0.185155152	0.790255566
KF19Q276	372.34	13.12	5693.58	4.69	440.35	15534.74	2323.44	21.79	1875.79	812.74	6.73	3.6	432.45	5.391821296	5.338891857	11.64405511	1.164926678	6.942893981	73.74991571	70.67629209	2.578381227	2.425782161	17.04507643	2.830189128	1.122805805	7.924504547	-1.907180829	-1.536998056	-1.755955277	-2.533299536	-1.907180829	-1.210756606	-0.477833997	-2.280148711	-0.809758313	-1.450595047	-1.693315232	-2.121279302	1.536998056
KF19Q277	855.45	13.94	9274.05	11.52	1053.47	13794.38	3150.19	47.5	3589.52	1010.65	9.69	5.15	421.75	6.070714754	5.568605294	12.51925239	1.584106468	8.092327261	70.7385758	81.39061896	3.093550767	2.455991203	18.20661188	3.654621295	1.386212498	7.882759093	0.279760815	-1.355867773	0.462018859	0.294518693	0.134944991	-1.584876705	0.626368225	-0.221300119	0.678941165	-1.126658238	-1.001915966	-0.859924779	0.84972099
