Al	B	Ca	Cu	Fe	K	Mg	Mn	Na	P	Zn	N	C	Albox	Bbox	Cabox	Cubox	Febox	Kbox	Mgbox	Mnbox	Nabox	Pbox	Znbox	Nbox	Cbox	Alnorm	Bnorm	Canorm	Cunorm	Fenorm	Knorm	Mgnorm	Mnnorm	Nanorm	Pnorm	Znnorm	Nnorm	Cnorm
YL2	629.8	32.99	10720.57	5.02	1283.08	16844.25	1557.95	41.92	6252.31	2017.27	32.35	14.97	413.3	25.59374703	1.154314586	11.11890387	1.435012375	44.70880762	26.50023239	207.3104145	4.138581286	175.0184941	10.06653178	2.215501021	4.563782698	85407.945	-1.492404178	1.693315232	-0.324231584	-0.934041501	-1.100334419	0.678941165	-1.100334419	-1.001915966	0.235836786	1.492404178	1.271952968	0.809758313	0.715053038
YL4	471.87	30.98	9050.91	4.01	868.18	15042.81	1180.84	41	6437.65	1596.79	28.91	14.9	411.5	22.78741579	1.150599719	10.87911071	1.255176207	37.64835925	25.85363821	171.7981986	4.111454828	177.7091666	9.67037632	2.17265868	4.551455428	84665.625	-1.907180829	1.584876705	-0.771048869	-1.411178153	-1.584876705	0.279760815	-1.693315232	-1.049853854	0.279760815	0.752122489	1.15378684	0.771048869	0.609228667
YL5	620.17	29.61	8730.25	4.73	1209.23	12160.49	1642.61	38.35	10737.23	1915	35.98	14.67	411.5	25.43646527	1.147806441	10.82821804	1.387956871	43.56218195	24.67280564	214.8763041	4.029972146	232.0470234	9.977791445	2.25479595	4.51068767	84665.625	-1.636691647	1.411178153	-0.829574037	-1.049853854	-1.18179227	-0.493769569	-0.912354903	-1.210756606	1.450595047	1.240773954	1.693315232	0.65242926	0.609228667
YL7	373.33	28.8	6697.21	2.93	710.72	8730.31	1308.75	26.91	13185.74	1695.58	19.56	13.67	420.93	20.71578682	1.146041758	10.45631139	0.99373231	34.45164872	22.92096513	184.2106849	3.602833193	258.2421225	9.771492031	2.012751408	4.328494752	88590.53245	-2.280148711	1.338323635	-1.450595047	-1.826356298	-1.907180829	-1.584876705	-1.450595047	-1.907180829	2.121279302	0.912354903	0.575472548	0.462018859	1.271952968
YL9	1309.82	45.5	11697.81	4.74	2384.1	12321.04	2033.41	80.61	12285.81	2316.6	34.65	16.8	397.33	34.17233996	1.170599964	11.2430671	1.389634071	58.54613413	24.74431726	248.2789917	4.952608541	248.9122066	10.30410462	2.241013553	4.873717423	78935.06445	-0.609228667	2.533299536	-0.120666995	-1.025590291	0.26506362	-0.430727299	-0.106413557	0.294518693	1.907180829	1.826356298	1.492404178	1.140117653	-0.309340999
YL10	1413.49	30.1	9315.45	4.13	2731.21	12667.14	1988.01	67.07	9291.59	2000.55	26.35	13.7	401.63	35.20190801	1.148832014	10.91980701	1.279124365	62.08859084	24.89591435	244.5140058	4.720770623	215.2046651	10.05231391	2.136289419	4.334082967	80652.82845	-0.399851988	1.450595047	-0.661214792	-1.304420071	0.609228667	-0.26506362	-0.250423463	-0.063771035	1.15378684	1.338323635	1.001915966	0.485786363	-0.049586409
YL11	1309.68	29.44	7427.22	4.49	2416.27	13627.47	1826.25	54.84	6364.32	2010.34	35.88	11.8	405.57	34.17091498	1.147443391	10.60100989	1.346436791	58.88662825	25.29945657	230.863467	4.469577946	176.6491345	10.06065219	2.25378254	3.963340763	82243.01245	-0.626368225	1.373839467	-1.18179227	-1.126658238	0.294518693	-0.063771035	-0.477833997	-0.430727299	0.26506362	1.450595047	1.636691647	-0.113537393	0.221300119
YL12	692.06	22.98	5660.62	2.86	1331.41	9483.02	1450.98	36.64	11320.16	1816.74	12.5	9.87	410.2	26.57527574	1.130090847	10.22233446	0.973076109	45.43844272	23.34840815	197.5551608	3.974515142	238.5254621	9.888279048	1.80645416	3.545068141	84131.52	-1.450595047	1.001915966	-2.002809497	-1.907180829	-1.025590291	-1.338323635	-1.271952968	-1.338323635	1.636691647	1.126658238	-0.609228667	-0.60072585	0.493769569
YL13	1491.66	36.58	14068.05	5.42	2767.96	12235.91	2620.46	76	12826.45	2090.6	29.87	18.6	385.37	35.94671788	1.160019677	11.5070237	1.495030067	62.44786369	24.70649474	294.7430864	4.878112206	254.5553206	10.12762184	2.185247461	5.158068496	74254.51845	-0.309340999	1.826356298	0.250423463	-0.661214792	0.626368225	-0.462018859	0.809758313	0.120666995	2.002809497	1.536998056	1.210756606	1.536998056	-1.074751777
YL14	1713.76	36.8	13925.79	5.95	3076.73	13897.73	1762.07	76.76	6958.34	1727.86	133.82	13.17	404.27	37.93538435	1.160336302	11.49243517	1.56715215	65.36207607	25.40880989	225.3387196	4.89068299	185.0741407	9.803346723	2.654314891	4.234174905	81716.61645	-0.092181706	1.907180829	0.192363314	-0.462018859	0.870218897	0.035411754	-0.6436938	0.163586723	0.415240161	1.001915966	2.280148711	0.309340999	0.134944991
YL15	812.49	28.5	6024.77	3.24	1531.03	13935.63	1021.25	39.23	8307.28	1270.47	18.75	12.03	404.73	28.32437347	1.145365087	10.30890972	1.078854107	48.29867725	25.4240054	155.6736767	4.057605874	203.0001791	9.28918977	1.994360803	4.010170692	81902.68645	-1.373839467	1.304420071	-1.636691647	-1.755955277	-0.752122489	0.049586409	-2.121279302	-1.126658238	0.771048869	0.206810069	0.493769569	-0.063771035	0.192363314
YL16	1971.96	43.79	14939.66	5.37	3514.08	18704.59	2084.48	86.25	9873.87	2650.9	33.98	20.6	359.7	40.04995381	1.168876321	11.59342195	1.487810896	69.21093738	27.11096502	252.4814575	5.038450899	222.1309784	10.5378064	2.233810989	5.453985128	64691.545	0.309340999	2.280148711	0.399851988	-0.678941165	1.15378684	1.126658238	-0.063771035	0.477833997	1.271952968	2.280148711	1.450595047	2.002809497	-2.280148711
YL17	1156.86	25.84	8165.59	4.29	1958.39	12403.81	1259.64	50.69	8344.8	1415.83	18.46	13.4	393.33	32.55338456	1.1387451	10.73406242	1.309840873	53.76140522	24.78088639	179.494153	4.372130026	203.4778159	9.469055122	1.987527218	4.277842633	77353.74445	-0.84972099	1.240773954	-0.912354903	-1.18179227	-0.279760815	-0.369353294	-1.584876705	-0.575472548	0.809758313	0.558839611	0.430727299	0.415240161	-0.609228667
YL18	2102.07	37.53	11031.81	5.82	3802.65	16296.28	2229.98	93.09	11091.82	2328.22	26.63	19.37	378.27	41.04875052	1.161362737	11.15959099	1.550164725	71.59899566	26.30980674	264.2738848	5.135699713	236.007455	10.31273955	2.140483764	5.27430859	71543.59645	0.399851988	2.002809497	-0.235836786	-0.526026123	1.411178153	0.493769569	0.177956597	0.661214792	1.584876705	2.002809497	1.025590291	1.693315232	-1.338323635
YL19	910.02	30.27	7442.61	4.22	1723.33	19365.01	1348.01	45.5	10897.54	2122.04	18.51	15.7	401.8	29.6228114	1.149180773	10.6039107	1.296567062	50.85442312	27.3158092	187.9396604	4.239038588	233.8452427	10.15320591	1.988715204	4.690186899	80721.12	-1.18179227	1.536998056	-1.15378684	-1.240773954	-0.575472548	1.304420071	-1.373839467	-0.870218897	1.492404178	1.584876705	0.446318449	0.934041501	0.00708093
YL20	1142.94	39.82	10452.19	5.25	2255.6	11117.22	1722.5	58.45	16228.48	2818.89	35.72	23.67	388.2	32.39940914	1.164359938	11.08289655	1.470165286	57.1585797	24.18826748	221.8996289	4.548829299	287.7007706	10.64507066	2.252153528	5.874243529	75349.12	-0.870218897	2.121279302	-0.430727299	-0.809758313	0.02124421	-0.870218897	-0.771048869	-0.324231584	2.533299536	2.533299536	1.584876705	2.280148711	-0.912354903
YL21	1593.88	30.24	10507.26	5.01	2967.94	11258.88	1891.39	72.69	8269.43	1551.8	25.44	13.87	393.57	36.88395171	1.149119486	11.09035701	1.433442244	64.35567494	24.25619259	236.406238	4.821938242	202.5172835	9.622385481	2.122253011	4.365601971	77448.17245	-0.192363314	1.492404178	-0.399851988	-0.956176539	0.752122489	-0.809758313	-0.415240161	0.035411754	0.733461771	0.696883497	0.978790275	0.542359867	-0.592266244
YL23	2084.78	34.75	11879.93	5.81	3695.69	12402.67	2248.73	96.47	7939.31	2321.89	39	15.77	376.7	40.91834286	1.157245289	11.26509783	1.548839988	70.72662322	24.78038408	265.7749335	5.181284668	198.2594057	10.30804065	2.283800818	4.702107841	70950.945	0.369353294	1.755955277	-0.092181706	-0.550581047	1.338323635	-0.384557925	0.192363314	0.771048869	0.661214792	1.907180829	1.907180829	0.978790275	-1.450595047
YL24	1319.95	32.36	10147.58	5.81	2417.96	10417.71	1373.76	64.31	9956.81	1756.41	26.69	16.4	421.97	34.27518995	1.153195356	11.04093448	1.548839988	58.90444212	23.84206583	190.3661349	4.668112758	223.1013186	9.831062857	2.141375199	4.807897925	89028.84045	-0.575472548	1.636691647	-0.526026123	-0.550581047	0.309340999	-1.126658238	-1.338323635	-0.149250552	1.338323635	1.074751777	1.049853854	1.074751777	1.338323635
YL25	1235.68	12.27	9555.79	7.56	2465.61	10492.11	1102.99	89.47	5710.19	972.85	22.81	8.03	406.07	33.40365024	1.066684568	10.9558277	1.747780557	59.40374467	23.87977817	164.0280451	5.085107526	166.918654	8.851829304	2.0777738	3.094002192	82445.92245	-0.696883497	-1.584876705	-0.626368225	-0.092181706	0.324231584	-1.025590291	-1.907180829	0.592266244	0.092181706	-0.575472548	0.752122489	-1.304420071	0.26506362
YL27	1025.28	23.46	7739.32	8.15	1919.46	12896.38	1045.62	56.49	7211.87	1850.47	38.85	18.1	417.33	31.04728901	1.131676828	10.65873652	1.803151262	53.29462857	24.99446578	158.1866301	4.506394915	188.5636445	9.91950286	2.282428997	5.080923426	87081.66445	-1.025590291	1.074751777	-1.074751777	0.035411754	-0.369353294	-0.221300119	-2.002809497	-0.354233577	0.462018859	1.18179227	1.826356298	1.450595047	1.001915966
YL29	1902.09	26.11	10220.89	5.94	3717.22	15801.39	2500.91	83.44	9096.47	2252.39	35.27	24.97	389.13	39.49612514	1.139472784	11.05114308	1.565860621	70.90339771	26.13326095	285.5830329	4.996368269	212.8369838	10.2556511	2.247521318	6.041640209	75710.57845	0.221300119	1.271952968	-0.493769569	-0.477833997	1.373839467	0.415240161	0.575472548	0.430727299	1.074751777	1.755955277	1.536998056	2.533299536	-0.84972099
YL30	1558.92	22.16	11071.62	9.97	2694.14	11793.04	1336.84	77.18	7284.16	2005.15	50.35	19.53	414.4	36.56785217	1.127237525	11.16471531	1.94865961	61.72331602	24.50617757	186.8823782	4.897579575	189.5477114	10.05623651	2.371486736	5.298088205	85863.18	-0.250423463	0.956176539	-0.206810069	0.26506362	0.526026123	-0.6436938	-1.411178153	0.206810069	0.493769569	1.373839467	2.121279302	1.826356298	0.829574037
YL31	419.93	18.35	6911.9	5.17	844.27	17144.24	736.02	35.72	7508.68	1606.39	33.85	15.97	418.63	21.73418009	1.110982033	10.50038167	1.458142261	37.18613845	26.6023402	124.5977021	3.943657042	192.5743247	9.680453723	2.232392372	4.735981495	87625.03845	-2.002809497	0.185155152	-1.411178153	-0.84972099	-1.636691647	0.715053038	-2.533299536	-1.492404178	0.526026123	0.790255566	1.411178153	1.025590291	1.126658238
YL34	3536.6	23.03	17008.26	6.48	6441.62	19050.41	2788.74	140.27	7327.53	2522.79	46.51	12.9	329.7	50.09815973	1.130258854	11.78047633	1.632248477	89.72384401	27.21895527	307.4085499	5.665062473	190.1358322	10.45167129	2.344927302	4.182283123	54350.545	1.636691647	1.025590291	0.609228667	-0.354233577	2.533299536	1.18179227	1.18179227	1.584876705	0.509831534	2.121279302	2.002809497	0.221300119	-2.533299536
YL43	2656	19.72	14924.36	18.99	3319.86	12038.13	2032.98	133.31	4953.65	1223.66	16.92	11.3	391.47	44.9079298	1.117483205	11.59194762	2.385689312	67.53845344	24.61778289	248.243462	5.598716986	154.9651846	9.227178287	1.948780057	3.859474718	76623.88045	0.956176539	0.558839611	0.384557925	1.450595047	1.001915966	-0.558839611	-0.120666995	1.450595047	-0.177956597	0.120666995	0.26506362	-0.250423463	-0.724226725
YL45	2167.2	17.3	13625.16	11.55	2551.24	13663.53	2301.2	85.29	5945.44	1332.95	18.65	14.2	401.73	41.53392109	1.105370102	11.46112845	2.052144109	60.28704097	25.31414949	269.9538664	5.024221709	170.4772684	9.368730537	1.992019793	4.426084692	80692.99645	0.509831534	-0.120666995	0.149250552	0.485786363	0.399851988	-0.049586409	0.26506362	0.446318449	0.163586723	0.399851988	0.477833997	0.567136467	-0.02124421
YL46	1776.06	15.74	10220.5	10.68	2177.85	14713.25	2343.68	79.14	5612.63	1336.91	14.26	9.23	397.77	38.4633006	1.095786472	11.05108896	1.997334123	56.29648126	25.7285429	273.3143453	4.929301317	165.4221165	9.373654284	1.869874381	3.394831253	79109.98645	0.106413557	-0.575472548	-0.509831534	0.354233577	-0.049586409	0.177956597	0.354233577	0.250423463	0.063771035	0.415240161	-0.221300119	-0.829574037	-0.294518693
YL47	925.05	14.11	7876.76	8.34	1210.3	10461.49	1580.69	52.14	8532.86	965.79	13.59	10.37	412.93	29.8148697	1.083736976	10.68345052	1.820008627	43.57908315	23.86428394	209.3555829	4.40700886	205.8563678	8.840009458	1.846978121	3.658140205	85255.09245	-1.126658238	-1.074751777	-1.025590291	0.063771035	-1.15378684	-1.074751777	-1.001915966	-0.51791185	0.870218897	-0.626368225	-0.384557925	-0.45415466	0.696883497
YL53	903.49	15.46	7936.24	7.17	1114.67	16485.99	1290.68	44.9	5568.99	880.38	7.57	7.23	412.67	29.53873701	1.093881145	10.69401762	1.708381529	42.03255004	26.37631917	182.4820899	4.2227359	164.7486252	8.690274463	1.542230608	2.877019625	85147.76445	-1.210756606	-0.661214792	-1.001915966	-0.163586723	-1.271952968	0.575472548	-1.492404178	-0.934041501	0.035411754	-0.829574037	-1.584876705	-1.492404178	0.678941165
YL55	1760.04	16.84	11069.53	11.01	2114.82	11955.19	1880.3	77.03	6861.83	1109.29	15.33	12.07	402.33	38.32869596	1.102712021	11.16444673	2.01870808	55.58430535	24.5802252	235.4670567	4.895120594	183.7296936	9.065860201	1.903718567	4.018256172	80934.21445	0.02124421	-0.279760815	-0.221300119	0.415240161	-0.134944991	-0.626368225	-0.430727299	0.192363314	0.354233577	-0.192363314	-0.092181706	-0.042498014	0.02124421
YL57	350.73	14.84	5708.5	2.68	410.23	13271.86	1627.53	15.49	5024.72	1099.57	7.94	8.67	426.23	20.19244426	1.089430545	10.23401875	0.917177969	26.92526608	25.15282693	213.5381556	2.952966357	156.1240621	9.05144591	1.569010599	3.25778259	90835.50645	-2.533299536	-0.819625945	-1.907180829	-2.002809497	-2.533299536	-0.149250552	-0.934041501	-2.533299536	-0.149250552	-0.26506362	-1.450595047	-0.978790275	1.693315232
YL58	2116.06	16.81	13191.58	11.14	2529.43	11979.02	2707.04	81.68	6840.59	1717.25	13.84	13.6	391.23	41.15376745	1.102534083	11.41478584	2.026926988	60.06373019	24.59103795	301.2916728	4.96932214	183.4325817	9.792937998	1.85568747	4.31542488	76529.95645	0.446318449	-0.301921554	0.02124421	0.430727299	0.369353294	-0.609228667	1.074751777	0.339194414	0.339194414	0.978790275	-0.309340999	0.430727299	-0.752122489
YL59	2655.71	19.57	14142.51	6.34	3039.71	20614.69	2689.93	66.88	6240	1304.24	16.69	15.27	382.27	44.90605112	1.11681177	11.51460297	1.615664085	65.02197837	27.68823957	300.0030369	4.717211939	174.838427	9.332621206	1.942605129	4.616198584	73064.67645	0.934041501	0.526026123	0.26506362	-0.384557925	0.790255566	1.584876705	1.025590291	-0.092181706	0.221300119	0.309340999	0.206810069	0.870218897	-1.15378684
YL60	1368.41	16.69	9596.59	9.64	1723.47	13963.1	1464.96	68.83	11900.99	892.41	11.86	13.3	396.63	34.76035043	1.101816523	10.96185587	1.924662141	50.85622138	25.43499797	198.8431357	4.753289251	244.8220451	8.712161262	1.780485866	4.258916297	78657.17845	-0.509831534	-0.369353294	-0.609228667	0.235836786	-0.558839611	0.063771035	-1.240773954	-0.035411754	1.693315232	-0.790255566	-0.715053038	0.361783097	-0.415240161
YL61	1444.14	16.43	9805.72	5.29	1693.29	11776.89	2092.63	44.14	10249.8	868.04	9.65	12.4	396.87	35.49700683	1.100229192	10.9923727	1.47609817	50.46657597	24.49875687	253.148973	4.201787361	226.4981983	8.667532889	1.674795518	4.08431383	78752.39845	-0.354233577	-0.446318449	-0.558839611	-0.771048869	-0.592266244	-0.678941165	-0.02124421	-0.956176539	1.373839467	-0.934041501	-1.001915966	0.063771035	-0.361783097
YL62	2217.96	17.01	14042.29	5.33	2481.83	10458.99	2488.28	56.06	9152.94	899.53	14.6	12.23	384.87	41.90562157	1.103709562	11.50439261	1.481979766	59.57241874	23.86301726	284.6070278	4.496899212	213.5247216	8.724986194	1.880972268	4.050427088	74061.95845	0.592266244	-0.221300119	0.235836786	-0.752122489	0.339194414	-1.100334419	0.542359867	-0.369353294	1.100334419	-0.752122489	-0.192363314	0.02124421	-1.100334419
YL63	2362.16	19.85	10559.04	19.58	3069.88	18374.95	1807.12	126.76	4796.82	1178.46	13.47	10.6	395.1	42.93275662	1.118057657	11.09733753	2.40542172	65.29932709	27.00649268	229.2234632	5.533215681	152.3791064	9.165170368	1.84272434	3.708978567	78051.505	0.715053038	0.575472548	-0.369353294	1.536998056	0.84972099	1.001915966	-0.493769569	1.338323635	-0.294518693	0.02124421	-0.430727299	-0.384557925	-0.493769569
YL64	808.79	11.36	4977.81	6.94	1099.53	13695.09	997.82	46.73	7769.32	704.79	3.15	9.27	418.13	28.27319899	1.056413914	10.0444791	1.683974506	41.78068392	25.32698278	153.2390783	4.271832742	196.0334891	8.334501616	0.98023196	3.404413668	87415.84845	-1.411178153	-1.826356298	-2.280148711	-0.250423463	-1.304420071	-0.035411754	-2.280148711	-0.733461771	0.626368225	-1.536998056	-2.533299536	-0.809758313	1.049853854
YL65	2567.63	19.3	15288.06	8.92	2958.87	13237.61	1956.68	78.24	9206.63	908.52	10.34	11.93	376.47	44.32927228	1.115579325	11.62660688	1.868860841	64.27080278	25.1385351	241.8994102	4.914828598	214.1767027	8.741045346	1.710878598	3.989881152	70864.33045	0.84972099	0.446318449	0.430727299	0.120666995	0.733461771	-0.163586723	-0.339194414	0.221300119	1.126658238	-0.696883497	-0.934041501	-0.077968503	-1.492404178
YL67	2766.67	17.49	13956.81	13.24	3378.6	12759.65	1980.39	103.65	6441.21	1278.15	15.01	14.57	390.43	45.6155112	1.106430893	11.49562841	2.146209892	68.05017631	24.93585944	243.8793397	5.27330508	177.7604798	9.299160455	1.893922318	4.492834475	76217.29245	1.074751777	-0.070867983	0.221300119	0.715053038	1.025590291	-0.250423463	-0.279760815	0.956176539	0.294518693	0.235836786	-0.149250552	0.626368225	-0.829574037
YL69	1765.23	15.81	13300.33	9.34	2118.62	14288.49	2123.75	69.36	6083.02	894.22	13.33	13.7	387.7	38.37238927	1.096253218	11.42654563	1.902013082	55.62759015	25.5638776	255.6900318	4.762927744	172.5269294	8.715430525	1.837699765	4.334082967	75155.145	0.049586409	-0.542359867	0.063771035	0.199581485	-0.120666995	0.134944991	0.035411754	-0.02124421	0.192363314	-0.771048869	-0.477833997	0.485786363	-0.956176539
YL70	1002.31	17.64	6582.8	7.02	1246.14	14117.34	1957.47	48.24	5598.18	1057.27	8.61	9.33	420.13	30.77189948	1.107253686	10.43226761	1.692567904	44.14022642	25.49639248	241.9655061	4.310993361	165.1993925	8.987304817	1.613655662	3.418737619	88254.10845	-1.049853854	-0.02124421	-1.492404178	-0.221300119	-1.126658238	0.077968503	-0.324231584	-0.626368225	0.049586409	-0.309340999	-1.271952968	-0.771048869	1.240773954
YL72	2769.62	15.87	18911.84	10.53	3127	12150.95	2045.31	88.93	4546.17	969.93	15.89	12.8	386.47	45.63412269	1.09665031	11.93418722	1.987366553	65.82009323	24.66853206	249.261281	5.077395145	148.1595542	8.846950343	1.920246649	4.162886982	74679.03045	1.100334419	-0.493769569	0.956176539	0.287131937	0.89108913	-0.509831534	-0.092181706	0.558839611	-0.415240161	-0.592266244	0.02124421	0.177956597	-1.025590291
YL78	3720.26	21.36	15355.61	16.7	4660.78	15086.12	2467.07	119.51	3751.05	938.72	17	11.67	371.2	51.07293413	1.124262701	11.63295668	2.301828957	78.13006525	25.86991047	282.9643316	5.45687084	133.9691931	8.793931768	1.950902682	3.936611887	68894.22	1.755955277	0.829574037	0.446318449	1.100334419	1.907180829	0.309340999	0.477833997	1.240773954	-0.678941165	-0.661214792	0.294518693	-0.156414619	-1.755955277
YL86	1329.65	16.46	10631.65	10.53	1757.59	16483.71	1913.17	73.6	8642.76	833.56	11.69	12.13	398.6	34.3732024	1.100414669	11.1070709	1.987366553	51.29196278	26.37552354	238.2454972	4.837619239	207.2346419	8.602358378	1.773284644	4.030352184	79440.48	-0.558839611	-0.430727299	-0.354233577	0.287131937	-0.509831534	0.558839611	-0.399851988	0.077968503	0.912354903	-1.15378684	-0.733461771	-0.00708093	-0.26506362
YL89	832.55	10.84	8220.17	7.55	1115.84	13612.34	1768.59	51.22	3411.15	700.25	11.27	7.5	425.4	28.59926107	1.049845534	10.74343266	1.746799725	42.0519305	25.29328224	225.9029458	4.384987022	127.4614018	8.324249171	1.754902605	2.951901233	90482.08	-1.271952968	-2.002809497	-0.89108913	-0.106413557	-1.240773954	-0.092181706	-0.592266244	-0.558839611	-0.84972099	-1.584876705	-0.829574037	-1.450595047	1.584876705
YL90	1217.55	17.09	9134.14	4.79	1507.73	17067.37	3001.92	36.63	4800.04	1045.79	16.39	12.5	408.07	33.21121501	1.104172753	10.89203669	1.397959568	47.97652555	26.57631635	323.0998816	3.974183687	152.4326107	8.96948571	1.934384916	4.10410799	83260.06245	-0.733461771	-0.177956597	-0.733461771	-1.001915966	-0.771048869	0.696883497	1.411178153	-1.373839467	-0.279760815	-0.354233577	0.149250552	0.120666995	0.369353294
YL91	916.11	11.49	7225.38	3.41	1090.92	14912.8	1784.89	24.86	1482.16	837.62	18.12	7.07	421.73	29.70087395	1.057971462	10.56242096	1.121653194	41.63654479	25.80455959	227.3105415	3.508404823	82.18727577	8.610161469	1.979337993	2.831794477	88927.59645	-1.15378684	-1.693315232	-1.304420071	-1.636691647	-1.373839467	0.235836786	-0.542359867	-2.002809497	-1.755955277	-1.074751777	0.399851988	-1.610243846	1.304420071
YL94	2651.31	20.01	14828.95	28	3382.12	17569.85	2100.69	142.86	3204.55	1399.47	32.92	17.67	404.43	44.87753099	1.118755361	11.58272084	2.629593494	68.08067565	26.74472085	253.8082808	5.688958664	123.3517053	9.449692075	2.222035831	5.013476267	81781.31245	0.912354903	0.609228667	0.354233577	2.002809497	1.049853854	0.829574037	-0.00708093	1.693315232	-0.912354903	0.526026123	1.304420071	1.392266183	0.149250552
YL97	2394.74	18.72	15411.04	13.47	2776.65	20390.3	2643.49	97.28	5273.95	1576.22	29.17	16.7	394.63	43.15923654	1.112822925	11.63814714	2.157938738	62.53241017	27.62275608	296.491814	5.191984249	160.1266991	9.648592377	2.176120498	4.857357745	77865.91845	0.752122489	0.294518693	0.462018859	0.790255566	0.6436938	1.450595047	0.870218897	0.829574037	-0.077968503	0.733461771	1.18179227	1.100334419	-0.526026123
YL101	4707.22	24.16	19316.39	17.54	5301.67	20862.45	3548.73	150.69	4168.14	1663.07	33.45	18.5	359.73	55.84465125	1.133886873	11.96492794	2.334043666	82.56018237	27.75986775	361.7718292	5.758785841	141.5767683	9.738835413	2.227983212	5.142747023	64702.33645	2.121279302	1.15378684	1.025590291	1.210756606	2.280148711	1.636691647	2.121279302	1.826356298	-0.493769569	0.89108913	1.373839467	1.492404178	-2.121279302
YL103	998.47	18.21	8076.51	9.37	2582.25	16160.8	1620.68	72.29	7692.85	1056.87	11.41	10.73	418.23	30.72546903	1.110267781	10.71863904	1.904315323	60.60263742	26.26191777	212.92897	4.814986654	195.0244877	8.986686974	1.761126204	3.737400415	87457.66645	-1.074751777	0.120666995	-0.934041501	0.221300119	0.430727299	0.477833997	-0.956176539	0.02124421	0.592266244	-0.324231584	-0.790255566	-0.331703716	1.074751777
YL105	1484.96	17.83	13667.92	17.66	2721.57	31661.05	2171.93	69.64	4851.46	1949.97	27.6	14.67	408.7	35.8838716	1.108277826	11.46562166	2.338500864	61.99388182	30.35999938	259.600199	4.767991684	153.2846791	10.00862052	2.154588185	4.51068767	83517.345	-0.339194414	0.042498014	0.163586723	1.240773954	0.592266244	2.533299536	0.120666995	-0.00708093	-0.235836786	1.271952968	1.100334419	0.65242926	0.415240161
YL106	1642.9	14.68	11572.21	8.1	1934.12	14719.28	2217.54	61.59	4746.86	1083.66	16.48	12.97	414.3	37.31980157	1.088226685	11.22768039	1.79864003	53.47104795	25.73085232	263.275709	4.614083088	151.5467232	9.027594535	1.936871107	4.195803026	85821.745	-0.163586723	-0.912354903	-0.134944991	0.02124421	-0.309340999	0.192363314	0.149250552	-0.221300119	-0.309340999	-0.279760815	0.177956597	0.26506362	0.809758313
YL107	2686.66	16.61	13479.53	7.11	3028.7	16723.92	1739.29	67.93	5255.89	902.16	21.24	10.23	400.73	45.10581605	1.101332922	11.44572324	1.702102076	64.92036446	26.45885629	223.3619992	4.736759985	159.839771	8.729699638	2.047957894	3.626839645	80291.76645	0.978790275	-0.384557925	0.092181706	-0.192363314	0.771048869	0.6436938	-0.696883497	-0.049586409	-0.106413557	-0.733461771	0.678941165	-0.477833997	-0.106413557
YL115	1258.45	18.92	10988.79	6.06	1783.38	23448.06	3097.51	38.02	4724.54	1301.99	15.72	16.8	396.97	33.64279587	1.113790741	11.15403344	1.581196582	51.61805286	28.46855264	330.0166917	4.019454587	151.1734816	9.329760185	1.915309128	4.873717423	78792.09045	-0.661214792	0.354233577	-0.250423463	-0.446318449	-0.493769569	2.002809497	1.636691647	-1.240773954	-0.339194414	0.294518693	0.00708093	1.140117653	-0.339194414
YL116	1930.29	19.48	13235.42	12.15	2567.39	21092.94	3030.43	93.79	4630.05	1464.44	16.04	17.67	380.27	39.72119382	1.116404403	11.4195377	2.087251763	60.45168152	27.82587968	325.1702883	5.145267529	149.5838667	9.525384863	1.924547371	5.013476267	72302.13645	0.235836786	0.462018859	0.049586409	0.575472548	0.415240161	1.693315232	1.492404178	0.678941165	-0.369353294	0.609228667	0.092181706	1.392266183	-1.240773954
YL118	1214.67	16.32	10729.89	12.11	1642.53	18380.32	2671.97	78.71	5309.86	1137.84	12.34	17.53	407.1	33.18047792	1.099543814	11.12013865	2.084973779	49.80196621	27.00820686	298.6474936	4.922406107	160.6958112	9.107529562	1.800124487	4.991289475	82864.705	-0.752122489	-0.462018859	-0.309340999	0.542359867	-0.6436938	1.025590291	0.978790275	0.235836786	-0.063771035	-0.120666995	-0.661214792	1.321182026	0.309340999
YL119	1708.61	16.31	13039.81	17.01	2285.89	16601.72	2427.34	112.84	3140.27	1709.28	16.78	11.77	401.67	37.89119907	1.09948109	11.39821716	2.313930017	57.4897318	26.41658664	279.8747779	5.382659846	122.0470766	9.785079797	1.945034324	3.957189414	80668.89445	-0.106413557	-0.477833997	-0.02124421	1.15378684	0.092181706	0.626368225	0.430727299	1.100334419	-0.934041501	0.956176539	0.235836786	-0.134944991	-0.035411754
YL121	1635.08	15.71	9289.87	12.3	1994.58	18022.18	2087.92	88.05	3953.9	1175.91	15.08	13.27	425.53	37.25083438	1.095585281	10.91592073	2.09571815	54.19048972	26.89297377	252.7633104	5.064731376	137.717552	9.161606602	1.896087989	4.25322058	90537.39045	-0.177956597	-0.60072585	-0.678941165	0.609228667	-0.250423463	0.934041501	-0.035411754	0.542359867	-0.592266244	0.00708093	-0.120666995	0.339194414	1.636691647
YL122	573.47	11.15	5254.47	6.5	809.53	11613.4	1268.22	43.95	7559.94	697.74	5.31	10.47	424.33	24.65072289	1.053828299	10.11921247	1.634584061	36.50071216	24.42316191	180.3224578	4.196496918	193.2591681	8.318554415	1.331528377	3.680331929	90027.47445	-1.693315232	-1.907180829	-2.121279302	-0.331703716	-1.693315232	-0.733461771	-1.536998056	-0.978790275	0.558839611	-1.636691647	-2.280148711	-0.430727299	1.471178175
YL123	1040.11	14.03	11212.43	8.59	1357.25	16462.68	2529.74	61.02	1336.03	1153.21	15.36	8.13	423.77	31.22299825	1.083080369	11.18269914	1.841529504	45.82220754	26.36818059	287.8048983	4.602475052	77.79528945	9.129561615	1.90462351	3.120132351	89790.00645	-0.978790275	-1.100334419	-0.177956597	0.092181706	-1.001915966	0.526026123	0.6436938	-0.250423463	-2.002809497	-0.049586409	-0.063771035	-1.271952968	1.373839467
YL124	819.33	12.65	5939.79	3.3	1095.18	20400.85	1793.82	28.03	2778.44	1537.52	9.53	9.87	414.8	28.4185863	1.070574536	10.28916555	1.094248152	41.70794378	27.62584807	228.079912	3.651585378	114.4490693	9.606882367	1.668182144	3.545068141	86029.02	-1.304420071	-1.411178153	-1.693315232	-1.693315232	-1.338323635	1.492404178	-0.526026123	-1.755955277	-1.025590291	0.678941165	-1.025590291	-0.60072585	0.84972099
YL125	1441.27	14.93	9235.56	3.71	1660.53	18278.21	2339.58	41.41	5489.49	1280.76	15.62	11.67	401.1	35.46954529	1.090097411	10.90763534	1.191517133	50.03899921	26.97554148	272.9908797	4.123614194	163.5151196	9.302536254	1.912372612	3.936611887	80440.105	-0.369353294	-0.771048869	-0.696883497	-1.492404178	-0.626368225	0.978790275	0.324231584	-1.025590291	-0.00708093	0.250423463	-0.02124421	-0.156414619	-0.092181706
YL126	1377.13	13.06	8906.93	3.53	1573.2	14938.1	2268.69	36.01	3903.83	789.02	11.4	8.2	417.97	34.84648007	1.074540369	10.85647753	1.150415124	48.87452364	25.81413772	267.3683551	3.953464421	136.8011464	8.514354339	1.760684915	3.138300859	87348.96045	-0.462018859	-1.304420071	-0.809758313	-1.584876705	-0.715053038	0.250423463	0.235836786	-1.450595047	-0.626368225	-1.240773954	-0.809758313	-1.240773954	1.025590291
YL129	1078.91	14.28	7364.06	14.45	1677.6	15645.77	2138.73	96.77	1340.09	934.22	15.68	8.37	424.33	31.67526135	1.085110061	10.58904419	2.205457693	50.26240229	26.07680875	256.9088523	5.185257352	77.92036362	8.786152517	1.914137404	3.182013471	90027.47445	-0.912354903	-1.001915966	-1.240773954	0.912354903	-0.609228667	0.354233577	0.077968503	0.809758313	-1.907180829	-0.678941165	-0.00708093	-1.15378684	1.471178175
YL130	1238.09	13.79	6431.16	4.07	1468.84	21534.73	1767.69	35.23	2183.75	1599.37	14.18	10.03	415.4	33.42909424	1.081069084	10.39977255	1.267251632	47.43227629	27.9507717	225.8251024	3.926913489	100.8331312	9.673090145	1.86721374	3.58164358	86278.08	-0.678941165	-1.126658238	-1.536998056	-1.373839467	-0.829574037	1.755955277	-0.609228667	-1.536998056	-1.304420071	0.771048869	-0.26506362	-0.558839611	0.89108913
YL131	486.19	13.21	6076.95	2.44	545.09	13455.18	1471.62	23.42	1087.17	1733.81	13.37	7.07	435.43	23.06464095	1.075935329	10.32090082	0.835546989	30.60323398	25.22881258	199.4553045	3.437561774	69.74171112	9.809157876	1.839142237	2.831794477	94799.14245	-1.826356298	-1.271952968	-1.584876705	-2.280148711	-2.121279302	-0.106413557	-1.210756606	-2.121279302	-2.280148711	1.025590291	-0.462018859	-1.610243846	2.002809497
YL132	2883.06	20.68	9820.05	46.66	4634.67	19209.49	2808.35	280.01	1086.71	1375.89	36.4	12.93	395.2	46.34040903	1.121570262	10.99444078	2.92973214	77.9422423	27.26809277	308.8679757	6.584486522	69.7260423	9.421410236	2.259013175	4.188083123	78091.02	1.18179227	0.696883497	-2.533299536	2.533299536	1.826356298	1.240773954	1.240773954	2.533299536	-2.533299536	0.477833997	1.755955277	0.243123658	-0.477833997
YL133	622.47	15.19	7873.96	3.65	793.8	15156.01	1976.7	27.27	1831.64	1138	14.44	11	438.47	25.47417107	1.091983547	10.68295118	1.178075691	36.18470107	25.89608868	243.5717141	3.618709611	91.90967327	9.107760334	1.875791473	3.795731327	96127.47045	-1.584876705	-0.696883497	-1.049853854	-1.536998056	-1.755955277	0.324231584	-0.309340999	-1.826356298	-1.450595047	-0.106413557	-0.206810069	-0.26506362	2.121279302
YL134	1194.41	10.76	6976.85	8.73	1472.96	15815.95	1527.99	61.84	3422.02	999.69	11.53	6.9	418.47	32.96292327	1.048783934	10.5134549	1.853269387	47.49032972	26.13851934	204.6009156	4.619142299	127.6742492	8.896048761	1.766383298	2.783016507	87558.07045	-0.790255566	-2.121279302	-1.373839467	0.106413557	-0.809758313	0.430727299	-1.15378684	-0.192363314	-0.829574037	-0.462018859	-0.771048869	-1.755955277	1.100334419
YL135	1714.3	15.13	10539.74	15.95	2216.54	14517.71	1694.63	102.26	4476.41	998.23	11.04	6.93	410.83	37.94001245	1.091553512	11.09473954	2.271452696	56.72768813	25.65322941	219.4618692	5.255971436	146.9652995	8.89367193	1.744459869	2.791680036	84390.14445	-0.077968503	-0.733461771	-0.384557925	1.074751777	0.00708093	0.149250552	-0.829574037	0.912354903	-0.430727299	-0.477833997	-0.870218897	-1.693315232	0.575472548
YL137	2205.61	20.62	12743.57	5.64	2611.12	23401.46	2363.66	59.95	5037.46	1570.28	25.05	13.37	392	41.81569083	1.12132496	11.36533523	1.525910413	60.89446982	28.45636079	274.8880064	4.580404759	156.3309629	9.642252646	2.116038867	4.272174286	76831.5	0.558839611	0.678941165	-0.049586409	-0.626368225	0.446318449	1.907180829	0.369353294	-0.294518693	-0.134944991	0.715053038	0.934041501	0.399851988	-0.678941165
YL138	2194	17.4	13465.11	6.57	2619.9	13618.46	1705.22	54.91	5266.67	1012.5	16.03	9.63	404.87	41.73085468	1.105931036	11.44418915	1.642694094	60.98284821	25.2957804	220.3897	4.471161037	160.0110954	8.91676575	1.924262263	3.489483879	81959.35845	0.542359867	-0.106413557	0.077968503	-0.301921554	0.462018859	-0.077968503	-0.790255566	-0.415240161	-0.092181706	-0.430727299	0.077968503	-0.68788465	0.206810069
YL139	1400.07	13.43	10240.48	12.62	1747.67	8229.87	2020.28	80.44	7857.94	762.94	9.23	9.63	424.8	35.07141219	1.077930008	11.05385911	2.113390109	51.16578952	22.61973907	247.1929854	4.949933805	197.1968197	8.460655649	1.651170861	3.489483879	90227.02	-0.415240161	-1.210756606	-0.477833997	0.626368225	-0.526026123	-1.755955277	-0.149250552	0.279760815	0.6436938	-1.411178153	-1.074751777	-0.68788465	1.536998056
YL140	1682.37	20.1	13537.8	18.54	2347.23	23795.67	2588.12	118.56	1686.36	1345.42	24.45	12.43	410.53	37.6647366	1.119143384	11.45190636	2.370159899	58.15257557	28.55887569	292.2789081	5.44654404	87.98763432	9.384189657	2.106232402	4.090262811	84266.94045	-0.134944991	0.626368225	0.134944991	1.338323635	0.177956597	2.121279302	0.678941165	1.18179227	-1.492404178	0.430727299	0.84972099	0.092181706	0.526026123
YL142	1931.78	13.57	20037.12	10.82	2355.83	9778.28	1569.85	82.8	5433.41	731.9	13.8	8.3	400.23	39.73302712	1.079168731	12.01819057	2.006493221	58.24469512	23.50850309	208.3818751	4.986596308	162.6397922	8.394474196	1.854307588	3.164083867	80091.52645	0.250423463	-1.18179227	1.100334419	0.384557925	0.192363314	-1.271952968	-1.025590291	0.384557925	-0.02124421	-1.492404178	-0.339194414	-1.18179227	-0.149250552
YL143	819.23	14.85	7340.17	7.08	1083.18	20042.58	2065.1	47.81	5362.97	1148.25	16.08	9.8	408.23	28.41721255	1.089505004	10.58449246	1.69893949	41.50640175	27.52010459	250.8907214	4.299961116	161.5341142	9.122481712	1.925685529	3.528946598	83325.36645	-1.338323635	-0.790255566	-1.271952968	-0.206810069	-1.411178153	1.338323635	-0.077968503	-0.6436938	-0.049586409	-0.063771035	0.106413557	-0.626368225	0.384557925
YL146	2440.53	18.07	24047.87	15.21	2797.8	11645.36	1992.19	108.09	3460.67	997.36	16.42	8.57	396.37	43.474241	1.109543485	12.28458445	2.239829648	62.73753806	24.43800797	244.8618177	5.327236132	128.4284271	8.892254061	1.935215587	3.23271603	78554.08845	0.809758313	0.077968503	1.492404178	1.001915966	0.661214792	-0.715053038	-0.221300119	1.001915966	-0.809758313	-0.493769569	0.163586723	-1.074751777	-0.430727299
YL147	1731.04	19.2	18068.61	14.11	2195.62	15678.67	2101.72	97.3	2330	1707.76	13.39	9.33	403.93	38.08302386	1.11511488	11.868025	2.189402214	56.49508223	26.08878169	253.8924751	5.192247368	104.3329307	9.783577252	1.8398614	3.418737619	81579.22245	-0.049586409	0.430727299	0.809758313	0.839604913	-0.02124421	0.369353294	0.00708093	0.84972099	-1.240773954	0.934041501	-0.446318449	-0.771048869	0.085072957
YL148	1189.16	15.41	9539.8	2.27	1422.58	12006.78	1513.23	30.29	2800.36	485.96	8.02	4.33	413.87	32.90616382	1.093534296	10.95345844	0.771932714	46.77380431	24.6036117	203.2596757	3.744588712	114.9225029	7.752218224	1.574590914	1.926600893	85643.68845	-0.809758313	-0.678941165	-0.6436938	-2.533299536	-0.89108913	-0.592266244	-1.18179227	-1.636691647	-1.001915966	-2.280148711	-1.373839467	-2.533299536	0.752122489
YL151	2125.54	21.45	18281.36	5.73	2399.03	17561.28	2017.16	55.69	4666.22	1380.09	17.56	12.73	396.77	41.22467774	1.124607421	11.88499386	1.538146929	58.70448815	26.74188194	246.9345852	4.488673172	150.1941943	9.426480529	1.965411032	4.149251698	78712.71645	0.462018859	0.84972099	0.870218897	-0.592266244	0.279760815	0.809758313	-0.163586723	-0.399851988	-0.354233577	0.493769569	0.354233577	0.163586723	-0.399851988
YL152	1315.18	23.14	10487.06	8.04	1539.93	11051.01	1659.04	66.62	12259.89	1172.47	12.06	12.3	399.1	34.22682317	1.130626146	11.08762485	1.793184157	48.4209743	24.15627659	216.3296782	4.712326631	248.6386719	9.156787613	1.78879032	4.064416867	79639.905	-0.592266244	1.049853854	-0.415240161	-0.014162215	-0.733461771	-0.89108913	-0.870218897	-0.106413557	1.826356298	-0.02124421	-0.678941165	0.035411754	-0.235836786
YL153	1209.11	17.87	7385.46	4.13	1477.18	12361.93	1766.25	40.78	5554.99	836.79	7.67	6.77	409.47	33.12100625	1.108490913	10.59310946	1.279124365	47.54969392	24.76240821	225.7005259	4.104882783	164.5320246	8.608569119	1.549631353	2.745192321	83832.34045	-0.771048869	0.063771035	-1.210756606	-1.304420071	-0.790255566	-0.415240161	-0.626368225	-1.074751777	0.00708093	-1.100334419	-1.492404178	-1.826356298	0.45415466
YL154	3422.46	23.86	19727.92	12.27	3842.47	18939.6	2207.95	102.82	4577.04	1220.36	21.57	12.53	378.7	49.47595917	1.132954134	11.99556992	2.09403439	71.92010282	27.18452853	262.5049633	5.262981429	148.6852035	9.222723822	2.054454766	4.110026394	71706.345	1.536998056	1.126658238	1.074751777	0.592266244	1.492404178	1.15378684	0.134944991	0.934041501	-0.399851988	0.092181706	0.696883497	0.134944991	-1.304420071
YL155	3152.87	20.5	16938.86	10.6	3553.22	12264.22	2632.15	95.82	4819.84	1322.82	14.67	11.8	386.67	47.95173999	1.120830445	11.7745646	1.992038238	69.5413945	24.7190965	295.6313643	5.172636938	152.7612317	9.35607304	1.88321603	3.963340763	74756.34445	1.373839467	0.661214792	0.592266244	0.324231584	1.18179227	-0.446318449	0.84972099	0.752122489	-0.26506362	0.369353294	-0.163586723	-0.113537393	-1.001915966
YL157	1770.78	18.63	11346.28	9.12	2151.61	14545.41	2125.45	76.5	4999.81	1408.9	14.25	8.8	400.67	38.41902257	1.112381255	11.19959373	1.884866205	56.00147857	25.66394861	255.8284905	4.886395762	155.7187835	9.460878574	1.869542849	3.290093019	80267.72445	0.077968503	0.26506362	-0.163586723	0.163586723	-0.092181706	0.163586723	0.049586409	0.149250552	-0.163586723	0.542359867	-0.235836786	-0.945051139	-0.120666995
YL158	1342.65	17.29	10308.12	4.69	1727.88	19132.29	1978.38	38.93	2469.36	1955.31	15.04	10.67	403.6	34.50384526	1.105313685	11.06319868	1.38120712	50.91282281	27.24428865	243.7117946	4.048251763	107.5703125	10.0132829	1.894852045	3.724310284	81445.98	-0.542359867	-0.134944991	-0.446318449	-1.087454134	-0.542359867	1.210756606	-0.294518693	-1.15378684	-1.18179227	1.304420071	-0.134944991	-0.361783097	0.063771035
YL159	1823.3	21.29	13167.92	9.22	2274.66	24802.64	3178.57	76.82	6902.74	2194.57	17.43	15.73	381.13	38.85576211	1.123992756	11.41221499	1.892718462	57.36725819	28.81455673	335.8275307	4.891670399	184.3007054	10.21090797	1.962096397	4.695300046	72629.53845	0.149250552	0.790255566	0.00708093	0.177956597	0.063771035	2.280148711	1.693315232	0.177956597	0.369353294	1.636691647	0.324231584	0.956176539	-1.196149002
YL160	2257.48	18.81	11168.37	5.12	2712.4	18556.13	2220.73	59.98	5785.25	1005.44	7.61	8.63	394.03	42.19126723	1.113260755	11.1770954	1.450518874	61.90360825	27.06410218	263.5318465	4.581028613	168.0616541	8.905378299	1.545205863	3.247778367	77629.32045	0.6436938	0.324231584	-0.192363314	-0.89108913	0.575472548	1.100334419	0.163586723	-0.279760815	0.120666995	-0.446318449	-1.536998056	-1.01368211	-0.558839611
YL162	1485.64	18.32	9188.86	6.95	1919.87	18019.86	2130.04	54.68	8307.24	1196.41	8.64	10.53	394.1	35.89025828	1.110829814	10.90047334	1.685054884	53.29957322	26.8922212	256.2021479	4.465952262	202.9996693	9.190055538	1.615549781	3.693581677	77656.905	-0.324231584	0.163586723	-0.715053038	-0.235836786	-0.354233577	0.912354903	0.063771035	-0.446318449	0.752122489	0.049586409	-1.210756606	-0.415240161	-0.542359867
YL163	2795.59	23.56	17059.24	18.28	3489.31	15771.46	2329.56	137.29	5848.98	1308.88	24.89	13.13	388.1	45.79742279	1.131999846	11.78480422	2.360988758	69.00069291	26.12243915	272.1995794	5.637046019	169.0265078	9.338506809	2.113453485	4.226530627	75310.305	1.126658238	1.100334419	0.6436938	1.271952968	1.126658238	0.384557925	0.294518693	1.492404178	0.134944991	0.324231584	0.901671045	0.294518693	-0.934041501
YL164	2079.22	22.74	18287.63	18.83	2678.1	14833.2	2650.71	118.71	5201.77	994.64	13.92	13.33	399.53	40.87626043	1.129275083	11.88549107	2.380216613	61.56435317	25.77433729	297.0390193	5.448179781	158.9770738	8.887813758	1.858431957	4.264603768	79811.61045	0.354233577	0.978790275	0.89108913	1.411178153	0.509831534	0.221300119	0.89108913	1.210756606	-0.120666995	-0.526026123	-0.294518693	0.384557925	-0.206810069
YL166	2112.83	21.32	13213.49	6.16	2320.27	18500.34	1936.8	51.95	2496.94	1234.82	33.21	10.1	393.07	41.12956071	1.124108644	11.41716258	1.593712549	57.86250647	27.04641205	240.2332493	4.402491159	108.2004415	9.242160184	2.225305137	3.597527508	77251.51245	0.430727299	0.809758313	0.035411754	-0.415240161	0.149250552	1.074751777	-0.354233577	-0.542359867	-1.126658238	0.134944991	1.338323635	-0.534175181	-0.6436938
YL167	1055.65	17.41	7943.55	9.74	1452.27	10729.57	2001.91	60.77	8346.86	1107.62	13.82	12.83	427.83	31.40541004	1.105986807	10.69531104	1.932032505	47.19782833	23.99869471	245.6696831	4.597351411	203.50401	9.063392046	1.854998169	4.168716013	91518.75445	-0.956176539	-0.092181706	-0.978790275	0.250423463	-0.84972099	-0.956176539	-0.192363314	-0.26506362	0.829574037	-0.221300119	-0.324231584	0.192363314	1.755955277
YL168	1584.61	22.05	10886.51	4.87	1998.47	15453.18	1681.2	46.58	7664.32	1106.05	8.72	10.1	403.93	36.80056998	1.126840122	11.14073585	1.411074954	54.23633957	26.00630453	218.2824805	4.267877475	194.6468008	9.061068528	1.620559812	3.597527508	81579.22245	-0.221300119	0.934041501	-0.279760815	-0.978790275	-0.235836786	0.339194414	-0.84972099	-0.752122489	0.575472548	-0.235836786	-1.18179227	-0.534175181	0.085072957
YL169	1373.89	16.76	8635.9	13.17	1880.01	12368.18	1398.73	89.31	8901.59	902.59	8.16	7.77	410.8	34.81451858	1.102236234	10.81290082	2.142593745	52.81593845	24.76516908	192.7049291	5.082826978	210.4475799	8.730469062	1.584186787	3.025070662	84377.82	-0.493769569	-0.324231584	-0.84972099	0.68788465	-0.430727299	-0.399851988	-1.304420071	0.575472548	1.025590291	-0.715053038	-1.338323635	-1.373839467	0.558839611
YL170	2329.29	25.76	15751.88	8.07	2645.87	12600.16	2112.41	62.34	11059.31	1831.56	12.83	16.93	390.83	42.70222838	1.13852683	11.66967393	1.795917916	61.24325036	24.86684338	254.7655011	4.629202932	235.6469225	9.902063709	1.819187015	4.894891761	76373.54445	0.661214792	1.210756606	0.477833997	0.00708093	0.493769569	-0.294518693	0.02124421	-0.177956597	1.536998056	1.15378684	-0.558839611	1.196149002	-0.809758313
YL171	2750.84	21.09	14801.38	23.64	3417.37	11521.88	2332.26	141.66	8136.62	1146.74	12.03	9.33	395.6	45.5154228	1.123212524	11.580044	2.524994332	68.38508458	24.38046297	272.4129135	5.677938472	200.8143652	9.120320693	1.787555952	3.418737619	78249.18	1.001915966	0.742759799	0.339194414	1.636691647	1.074751777	-0.752122489	0.309340999	1.636691647	0.715053038	-0.077968503	-0.696883497	-0.771048869	-0.462018859
YL173	1269.48	18.08	9629.7	11.38	1603.76	14992.13	2011.82	73.2	4233.14	1042.43	15.99	10.13	415.9	33.75764657	1.109595558	10.96672975	2.041814944	49.28621583	25.83454808	246.4920194	4.830749216	142.7285822	8.96423596	1.923119547	3.60431326	86485.905	-0.6436938	0.092181706	-0.592266244	0.446318449	-0.661214792	0.26506362	-0.177956597	0.063771035	-0.446318449	-0.369353294	0.049586409	-0.509831534	0.956176539
YL180	3485.57	21.61	23964.67	9.05	3964.95	20213.61	3966.08	87.11	2573.62	1647.24	24.23	15.47	375	49.82159564	1.125213813	12.27950722	1.87931057	72.89575981	27.57077578	389.9827575	5.051071212	109.9349076	9.722718617	2.102559088	4.650776008	70312	1.584876705	0.870218897	1.450595047	0.134944991	1.536998056	1.373839467	2.533299536	0.509831534	-1.100334419	0.84972099	0.829574037	0.89108913	-1.584876705
YL181	1692.12	18.69	12931.35	13.17	2078.48	20361.88	2857.87	91.25	3055.88	1449.51	14.62	14.83	415.8	37.74914511	1.112676131	11.38626255	2.142593745	55.16805029	27.6144202	312.5386175	5.110221625	120.3145329	9.508271122	1.881614748	4.539090902	86444.32	-0.120666995	0.279760815	-0.035411754	0.68788465	-0.177956597	1.411178153	1.271952968	0.626368225	-0.956176539	0.592266244	-0.177956597	0.742759799	0.934041501
YL183	1780.35	18.1	9712.44	13.65	2294	17288.13	2025.08	100.65	6912.53	871.44	7.54	11.4	404.2	38.49921459	1.109699548	10.97883916	2.166958564	57.57796041	26.65079721	247.5902693	5.235613507	184.4371091	8.673828645	1.539985907	3.880480657	81688.32	0.120666995	0.106413557	-0.575472548	0.809758313	0.106413557	0.733461771	-0.134944991	0.870218897	0.399851988	-0.89108913	-1.636691647	-0.228562415	0.113537393
YL185	1772.37	19.56	10865.91	5.06	2082.59	17393.02	2664.93	49.3	9627.24	1281.89	9.21	14.93	397.8	38.43236517	1.116766675	11.13804308	1.441257176	55.21534033	26.68591248	298.1153317	4.337796733	219.2220595	9.303995823	1.650011626	4.556743089	79121.92	0.092181706	0.50178437	-0.294518693	-0.912354903	-0.163586723	0.752122489	0.934041501	-0.592266244	1.210756606	0.26506362	-1.100334419	0.790255566	-0.279760815
YL187	3227.3	24.63	26225.18	7.69	3694.07	10890.49	3079.85	80.82	9881.61	1211.69	15.58	17.53	376.9	48.38062194	1.135306609	12.41177517	1.760397429	70.71329771	24.07806035	328.7441506	4.955905268	222.2216973	9.210967151	1.911191249	4.991289475	71026.305	1.411178153	1.18179227	1.755955277	-0.049586409	1.304420071	-0.934041501	1.536998056	0.309340999	1.304420071	0.077968503	-0.035411754	1.321182026	-1.411178153
YL188	3141.39	19.99	15839.79	25.46	4140.86	9664.1	2478.47	175.83	11935.48	1028.16	16.8	13.2	387.27	47.88501561	1.118668703	11.67769888	2.571150867	74.26670062	23.44706895	283.8478238	5.961829738	245.1912148	8.941763423	1.945571877	4.239898332	74988.52645	1.338323635	0.592266244	0.493769569	1.693315232	1.584876705	-1.304420071	0.509831534	2.002809497	1.755955277	-0.399851988	0.250423463	0.324231584	-0.978790275
YL192	2375.95	19.06	14746.01	14.28	2956.1	13453.76	2422.84	110.96	8005.38	1107.82	13.01	14.7	393.23	43.02885998	1.114457227	11.57465347	2.197484821	64.24485232	25.22822727	279.5238013	5.360992562	199.1183268	9.063687816	1.825956557	4.516028379	77314.41645	0.733461771	0.384557925	0.324231584	0.880606067	0.715053038	-0.120666995	0.415240161	1.074751777	0.696883497	-0.206810069	-0.526026123	0.678941165	-0.626368225
YL194	2623.89	21.73	16365.51	15.48	3276.37	19287.14	2719.41	120.08	9318.6	1855.88	13.73	18.8	381.13	44.69911342	1.125663282	11.72481348	2.251568557	67.15616494	27.29195667	302.2216566	5.463029705	215.5305163	9.924461586	1.851880412	5.188553446	72629.53845	0.89108913	0.912354903	0.526026123	1.025590291	0.956176539	1.271952968	1.100334419	1.271952968	1.18179227	1.210756606	-0.354233577	1.584876705	-1.196149002
YL195	2405.26	17.49	16915.02	5.28	2844.97	16476.21	2671.79	62.88	1999.21	1203.05	16.71	9.67	393.97	43.23194542	1.106430893	11.77252844	1.47461979	63.19178538	26.37290568	298.6338929	4.639983029	96.25104971	9.199173108	1.943146399	3.498809232	77605.68045	0.790255566	-0.070867983	0.575472548	-0.790255566	0.678941165	0.542359867	0.956176539	-0.163586723	-1.411178153	0.063771035	0.221300119	-0.65242926	-0.575472548
YL199	2094.85	18.96	20327.09	6.11	2365.84	10347.45	2498.75	61.38	8841.78	1058.45	11.18	12.87	402.9	40.99437825	1.113982077	12.03910126	1.587483966	58.35167084	23.80624873	285.4162298	4.609818313	209.7091952	8.989126192	1.750849137	4.176474453	81163.705	0.384557925	0.369353294	1.18179227	-0.430727299	0.206810069	-1.15378684	0.558839611	-0.235836786	0.978790275	-0.294518693	-0.84972099	0.206810069	0.049586409
YL200	1763.01	17.83	10292.81	4.13	2100.74	12824.76	2341.22	46.29	8332.28	1353.57	9.26	10.67	407.17	38.35370971	1.108277826	11.06108989	1.279124365	55.42352637	24.9638313	273.1202882	4.260196336	203.3185495	9.394221439	1.652903688	3.724310284	82893.20445	0.035411754	0.042498014	-0.462018859	-1.304420071	-0.149250552	-0.235836786	0.339194414	-0.771048869	0.790255566	0.462018859	-1.049853854	-0.361783097	0.324231584
YL202	1374.54	16.52	11366.09	14.11	1824.36	13071.01	2602.31	95.35	1484.75	1299.09	15.34	10.97	412.63	34.82093447	1.100783788	11.20207785	2.189402214	52.13058633	25.06858086	293.3613629	5.16634932	82.26318337	9.32606586	1.904020466	3.789295854	85131.25845	-0.477833997	-0.415240161	-0.149250552	0.839604913	-0.446318449	-0.192363314	0.733461771	0.733461771	-1.693315232	0.279760815	-0.077968503	-0.279760815	0.661214792
YL204	4741.71	20.13	27775.22	15.11	4956.04	13814.24	3675.92	129.88	2296.59	1173.13	24.65	12.93	380.17	55.99927209	1.119272025	12.49627354	2.235421049	80.21255558	25.37521544	370.4790661	5.564805957	103.5430015	9.157713205	2.109535195	4.188083123	72264.11445	2.280148711	0.6436938	2.002809497	0.978790275	2.002809497	-0.00708093	2.280148711	1.373839467	-1.271952968	-0.00708093	0.870218897	0.243123658	-1.271952968
YL205	2128.81	21.2	17371.94	14.57	2515.02	17629.07	3346.15	101.11	2600.37	2005.89	17.99	14.73	401.53	41.24909041	1.123643306	11.81108136	2.211021033	59.91556948	26.7643072	347.6892242	5.241461316	110.5340882	10.05686675	1.976154587	4.521362092	80612.67045	0.477833997	0.771048869	0.733461771	0.934041501	0.354233577	0.84972099	1.907180829	0.89108913	-1.074751777	1.411178153	0.384557925	0.696883497	-0.063771035
YL206	2754.39	21.71	20484.15	14.93	3214.33	22617.48	3413	117.32	3053.42	1746.96	21.8	15.83	401.5	45.53790036	1.125588684	12.05030785	2.227400501	66.60564893	28.24820482	352.3664697	5.432946431	120.2636839	9.821935531	2.058907998	4.712298769	80600.625	1.025590291	0.89108913	1.240773954	0.956176539	0.934041501	1.826356298	2.002809497	1.15378684	-0.978790275	1.049853854	0.715053038	1.001915966	-0.077968503
YL207	1738.29	12.24	12076.05	5.16	2000.87	13849.69	2435.28	45.35	4124.29	883.81	10.39	10.2	407.53	38.14468701	1.066368133	11.28846165	1.456624375	54.26460139	25.38949998	280.4935376	4.234982069	140.7948259	8.696543034	1.713372813	3.620096638	83039.85045	-0.035411754	-1.636691647	-0.063771035	-0.870218897	-0.221300119	0.00708093	0.462018859	-0.89108913	-0.509831534	-0.809758313	-0.912354903	-0.493769569	0.339194414
YL208	1055.97	15.15	8018.49	10.63	1434.81	16328.78	1731.47	67.06	1367.65	632.79	13.07	6.7	404.2	31.40914818	1.091697201	10.70850514	1.994029556	46.94909017	26.32124616	222.6814728	4.720583562	78.76459215	8.164150991	1.828186436	2.724631949	81688.32	-0.934041501	-0.715053038	-0.956176539	0.339194414	-0.870218897	0.509831534	-0.752122489	-0.077968503	-1.826356298	-2.002809497	-0.509831534	-1.907180829	0.113537393
YL209	1750.42	17.79	18720.51	5.76	1964.9	16544.84	2381.9	46.1	1576	1661.28	18.84	13	410.73	38.24748931	1.108063869	11.91942751	1.5421768	53.83893036	26.39682449	276.320824	4.255139142	84.89785886	9.737020152	1.996454068	4.201582923	84349.06645	-0.00708093	0.02124421	0.934041501	-0.575472548	-0.26506362	0.592266244	0.384557925	-0.829574037	-1.636691647	0.870218897	0.509831534	0.279760815	0.542359867
YL210	1036.45	11.42	8435.4	4.32	1178.99	14127.72	1736.08	28.44	1199.46	975.66	13.99	7.1	418.73	31.17978333	1.057136784	10.77980883	1.315453722	43.08086401	25.5005044	223.0827741	3.668972416	73.47532311	8.856511632	1.860816846	2.8403239	87666.90645	-1.001915966	-1.755955277	-0.870218897	-1.15378684	-1.210756606	0.092181706	-0.733461771	-1.693315232	-2.121279302	-0.558839611	-0.279760815	-1.536998056	1.15378684
YL213	1756.24	18.5	16591.9	30.21	2190.75	17829.91	2612.06	94.68	2494.53	1609.81	216.02	13.77	408.63	38.29665247	1.1117364	11.74465533	2.675692786	56.44074789	26.83033358	294.1040018	5.157335239	108.1455141	9.684030277	2.766873597	4.347091636	83488.73845	0.00708093	0.235836786	0.542359867	2.121279302	-0.035411754	0.89108913	0.790255566	0.715053038	-1.15378684	0.809758313	2.533299536	0.51791185	0.399851988
YL214	1592.17	19.07	18271.58	14.28	1314.03	10644.77	1589.91	87.3	4910.1	2232.37	16.02	13.3	415.33	36.86859397	1.114504493	11.88421799	2.197484821	45.17786819	23.95647806	210.1820545	5.053843517	154.2510777	10.24028103	1.923976927	4.258916297	86249.00445	-0.206810069	0.399851988	0.84972099	0.880606067	-1.049853854	-0.978790275	-0.978790275	0.526026123	-0.192363314	1.693315232	0.063771035	0.361783097	0.870218897
YL215	1084.03	14.77	8921.8	9.09	1422.35	15933.25	1928.87	61.77	7966.38	1179.53	11.62	12.47	413.97	31.73416064	1.088906771	10.85883128	1.882491235	46.77049942	26.18073844	239.5670685	4.617727673	198.6117365	9.166663617	1.770280299	4.098180456	85685.08045	-0.89108913	-0.870218897	-0.790255566	0.149250552	-0.912354903	0.462018859	-0.369353294	-0.206810069	0.678941165	0.035411754	-0.752122489	0.106413557	0.780616221
YL216	2224.09	17.11	24158.4	6.26	2342.49	10487.31	2324.83	55.74	3566.15	864.88	17.79	12.4	401.77	41.95014043	1.104287936	12.29130339	1.605997366	58.10171838	23.87735174	271.8256544	4.489787815	130.4661896	8.661660952	1.971199008	4.08431383	80709.06645	0.609228667	-0.163586723	1.536998056	-0.399851988	0.163586723	-1.049853854	0.279760815	-0.384557925	-0.752122489	-0.956176539	0.369353294	0.063771035	-0.00708093
YL221	533.9	12.75	7624.39	5.35	662.89	11313.99	1918.58	46.2	1612.11	1128.32	12.9	8.93	438.8	23.95227557	1.071563161	10.63774381	1.484901588	33.39969794	24.28242828	238.7012916	4.257803276	85.92002934	9.093743999	1.821834	3.322098288	96272.22	-1.755955277	-1.373839467	-1.100334419	-0.696883497	-2.002809497	-0.790255566	-0.384557925	-0.790255566	-1.584876705	-0.163586723	-0.542359867	-0.901671045	2.280148711
YL222	1440.54	15.71	15135.03	12.02	1789.33	14244.77	1799.06	82.87	2067.66	769.74	12.62	8.43	424.27	35.46255473	1.095585281	11.61212141	2.07981657	51.69289308	25.54670192	228.5307842	4.987668591	97.97358541	8.47481938	1.811133638	3.197305197	90002.01645	-0.384557925	-0.60072585	0.415240161	0.526026123	-0.477833997	0.106413557	-0.509831534	0.399851988	-1.338323635	-1.338323635	-0.592266244	-1.126658238	1.411178153
YL223	937.89	12.49	7550.01	4.24	1055.9	10214.03	1171.25	32.77	6968.2	781.05	9.72	9.67	432.53	29.97736983	1.068962861	10.62399493	1.30038523	41.04332204	23.7376816	170.850289	3.83937403	185.210988	8.498121392	1.678604823	3.498809232	93540.60045	-1.100334419	-1.492404178	-1.126658238	-1.210756606	-1.450595047	-1.18179227	-1.755955277	-1.584876705	0.430727299	-1.271952968	-0.978790275	-0.65242926	1.907180829
YL229	1520.96	16.86	18994.69	7.89	1309.88	17818.38	3241.47	45.08	3326.93	1426.68	23.8	19.77	409.47	36.21945374	1.102830327	11.94053396	1.77933739	45.1153507	26.82655962	340.3031863	4.227648241	125.801035	9.481782369	2.095254407	5.333524129	83832.34045	-0.279760815	-0.26506362	0.978790275	-0.035411754	-1.074751777	0.870218897	1.755955277	-0.912354903	-0.870218897	0.575472548	0.809758313	1.907180829	0.45415466
YL230	1398.86	17.06	13872.8	5.63	1404.15	7328.11	1564.05	38.44	7523.5	791.7	16.96	15.2	419.97	35.05960695	1.103999519	11.48696445	1.524536974	46.50798574	22.03679743	207.859984	4.032825711	192.7725544	8.519778613	1.949842974	4.60402779	88186.90045	-0.430727299	-0.199581485	0.177956597	-0.6436938	-0.934041501	-1.907180829	-1.074751777	-1.18179227	0.542359867	-1.210756606	0.279760815	0.84972099	1.210756606
YL232	1821.38	18.59	21192.47	17.5	2369.61	13784.51	2477.4	104.27	3216.3	1265.92	27.03	16.93	413.97	38.83993862	1.112183711	12.09984228	2.332550148	58.39189182	25.36321258	283.7649562	5.280965817	123.5888116	9.283256196	2.146378589	4.894891761	85685.08045	0.134944991	0.250423463	1.304420071	1.18179227	0.221300119	-0.02124421	0.493769569	0.978790275	-0.89108913	0.192363314	1.074751777	1.196149002	0.780616221
YL233	2234.61	15.8	14725.12	15.51	2551.04	11199.14	1737.9	108.27	8572.02	696.41	14.21	12.1	400.53	42.02635906	1.09618677	11.57261467	2.252858353	60.28499826	24.22763354	223.2411094	5.329378043	206.3484586	8.315529151	1.868213731	4.024308994	80211.64045	0.626368225	-0.558839611	0.309340999	1.049853854	0.384557925	-0.829574037	-0.715053038	1.025590291	0.89108913	-1.693315232	-0.250423463	-0.02124421	-0.134944991
YL234	2176.17	19.56	25233.05	11.95	1032.71	18474.8	1743.02	72.91	4903.81	1505	32.03	20.9	409.33	41.60000748	1.116766675	12.35513018	2.075774659	40.64414154	27.03829912	223.6862452	4.825746205	154.1476854	9.571071403	2.211767302	5.496757188	83775.02445	0.526026123	0.50178437	1.636691647	0.509831534	-1.492404178	1.049853854	-0.678941165	0.049586409	-0.206810069	0.6436938	1.240773954	2.121279302	0.430727299
YL235	400.96	10.7	5855.93	2.64	467.43	11192.35	1194.85	21.85	4112.1	522.02	8.63	7.67	441.83	21.32879128	1.047978278	10.26941333	0.904169899	28.5604942	24.22437965	173.1784804	3.355465095	140.5767382	7.863146807	1.614919346	2.998164192	97606.37445	-2.121279302	-2.280148711	-1.826356298	-2.121279302	-2.280148711	-0.84972099	-1.636691647	-2.280148711	-0.526026123	-2.121279302	-1.240773954	-1.411178153	2.533299536
YL236	3232.93	18.35	23172.91	10.57	3454.44	16545.38	2254.96	92.16	2730.86	1632.47	24.89	17.03	388.5	48.41280493	1.110982033	12.23032367	1.990040438	68.70323749	26.39701237	266.2727742	5.122882349	113.4151707	9.707550655	2.113453485	4.911108751	75465.625	1.450595047	0.185155152	1.411178153	0.309340999	1.100334419	0.609228667	0.221300119	0.6436938	-1.049853854	0.829574037	0.901671045	1.256210811	-0.89108913
YL237	2149.85	17.52	20454.92	7.66	2301.24	12457.85	1997.09	57.33	3603.42	1140.55	23.39	13.63	415.6	41.4055973	1.106596475	12.0482285	1.757507693	57.65657043	24.80465434	245.2692359	4.524749009	131.1792237	9.111434209	2.088130147	4.321031533	86361.18	0.493769569	-0.049586409	1.210756606	-0.070867983	0.134944991	-0.339194414	-0.206810069	-0.339194414	-0.733461771	-0.092181706	0.790255566	0.446318449	0.912354903
YL239	1886.71	14.75	18103.09	10.95	2212.28	11723.49	2507.2	81.67	4012.58	840.21	13.48	8.8	406.03	39.37247519	1.088756292	11.87078813	2.014877072	56.68042628	24.47416076	286.0685015	4.969166899	138.7844314	8.615120954	1.843080674	3.290093019	82429.68045	0.206810069	-0.89108913	0.829574037	0.399851988	-0.00708093	-0.696883497	0.626368225	0.324231584	-0.575472548	-1.049853854	-0.415240161	-0.945051139	0.250423463
YL242	2622.85	16.89	16656.38	18.63	3050.66	9312.58	2777.82	123.88	3679.82	1100.84	15.95	9.13	395.07	44.6923229	1.103007308	11.750259	2.373300168	65.12282542	23.25412326	306.5944001	5.503395572	132.6298189	9.05333597	1.921973159	3.370757933	78039.65245	0.870218897	-0.250423463	0.558839611	1.373839467	0.829574037	-1.492404178	1.15378684	1.304420071	-0.696883497	-0.250423463	0.035411754	-0.84972099	-0.509831534
YL243	1853.55	16.57	17960.08	6.72	2123.88	16740.67	3081.51	49.03	6907.18	939.78	12.4	9.93	400.17	39.10367104	1.101089531	11.85929451	1.659743512	55.68743062	26.46463046	328.8638681	4.331021594	184.3625794	8.795759168	1.802510381	3.558828252	80067.51445	0.177956597	-0.399851988	0.790255566	-0.279760815	-0.106413557	0.661214792	1.584876705	-0.609228667	0.384557925	-0.6436938	-0.6436938	-0.575472548	-0.163586723
YL245	3099.38	19.19	24654.05	8.32	3287.9	17476.03	2579.66	71.03	3659.61	1501.5	18.87	14.23	388.53	47.63950656	1.115068194	12.321074	1.818255037	67.25780411	26.71357987	291.6326303	4.792848801	132.2475223	9.567174434	1.997148975	4.431538166	75477.28045	1.304420071	0.415240161	1.584876705	0.049586409	0.978790275	0.771048869	0.661214792	0.00708093	-0.715053038	0.626368225	0.542359867	0.592266244	-0.870218897
YL246	2760.6	17.21	20153.75	8.04	2903.45	13022.4	2744.6	65.34	4872.33	1041.15	16.56	10.57	391.2	45.57717577	1.104860202	12.02663593	1.793184157	63.74887913	25.04803213	304.1111865	4.688009746	153.6292646	8.962231916	1.939066485	3.702387921	76518.22	1.049853854	-0.149250552	1.126658238	-0.014162215	0.696883497	-0.206810069	1.126658238	-0.120666995	-0.221300119	-0.384557925	0.192363314	-0.399851988	-0.771048869
YL247	1847.41	18.47	17092.31	7.27	2167.69	17478.87	2629.51	52.14	3490.11	1384.15	18.24	17.03	398.9	39.053562	1.111586417	11.78760501	1.71871437	56.18250539	26.71452454	295.430874	4.40700886	129.000162	9.431368196	1.982250641	4.911108751	79560.105	0.163586723	0.206810069	0.678941165	-0.134944991	-0.077968503	0.790255566	0.829574037	-0.51791185	-0.771048869	0.509831534	0.415240161	1.256210811	-0.250423463
YL248	1157.21	12.94	10911.83	6.36	1378.94	10164.48	2501.22	47.55	4053.81	996.72	8	8.57	404.53	32.55724076	1.073403273	11.14403891	1.618058891	46.14105495	23.71202983	285.6069684	4.293244827	139.5295416	8.891210298	1.573202546	3.23271603	81821.76045	-0.829574037	-1.338323635	-0.26506362	-0.369353294	-0.978790275	-1.210756606	0.592266244	-0.696883497	-0.542359867	-0.509831534	-1.411178153	-1.074751777	0.177956597
YL249	1730.72	18.22	20317.05	7.42	1934.11	18174.21	3020.63	47.65	3777.09	1349.54	18.56	16.13	399.2	38.08029837	1.11031913	12.03838205	1.7339115	53.47092787	26.94211734	324.4593308	4.295832117	134.4557633	9.389267977	1.989899082	4.76288474	79679.82	-0.063771035	0.134944991	1.15378684	-0.120666995	-0.324231584	0.956176539	1.450595047	-0.678941165	-0.661214792	0.446318449	0.462018859	1.049853854	-0.221300119
YL250	1964.64	15.48	14230.76	6.57	2259.72	12221.99	2486.02	52.92	3939.29	1332.1	16.21	8.23	413.57	39.99252557	1.094019315	11.52353634	1.642694094	57.20377458	24.7002897	284.4322116	4.425393461	137.4507352	9.3676719	1.929359618	3.146056868	85519.57245	0.294518693	-0.6436938	0.279760815	-0.301921554	0.035411754	-0.477833997	0.526026123	-0.477833997	-0.609228667	0.384557925	0.120666995	-1.210756606	0.733461771
YL251	1934.24	15.85	17070.12	10.79	2279.98	11482.47	2600.93	75.38	7231.85	1169.68	13.21	11.4	396.83	39.75255122	1.096518249	11.78572626	2.004542057	57.42532169	24.36199042	293.2561774	4.867768693	188.8361025	9.152869527	1.833338833	3.880480657	78736.52445	0.26506362	-0.509831534	0.661214792	0.369353294	0.077968503	-0.771048869	0.715053038	0.106413557	0.477833997	-0.035411754	-0.493769569	-0.228562415	-0.384557925
YL252	2474.12	18.84	20678.15	7.2	2630.81	14724.65	2692.5	59.6	7763.17	1309.22	13.55	11.87	376.17	43.70292348	1.113405854	12.06403662	1.71149867	61.09242609	25.73290832	300.1967667	4.57310456	195.9525195	9.338937319	1.845565562	3.977654946	70751.43445	0.829574037	0.339194414	1.271952968	-0.149250552	0.477833997	0.206810069	1.049853854	-0.309340999	0.609228667	0.339194414	-0.399851988	-0.092181706	-1.536998056
YL253	1583.15	15.84	11935.05	12.12	1900.72	15075.69	1651.15	82.01	5630.9	871.1	17.13	14.77	400.07	36.78740919	1.096452106	11.27170156	2.085544084	53.06795973	25.86599526	215.6323311	4.974435021	165.7033234	8.673200098	1.954324777	4.528462865	80027.50245	-0.235836786	-0.526026123	-0.077968503	0.558839611	-0.399851988	0.294518693	-0.89108913	0.354233577	0.077968503	-0.912354903	0.309340999	0.715053038	-0.177956597
YL256	1554.55	14.58	10704.23	13.27	1925.57	8455.46	1849.61	86.47	8834.16	764.46	10.63	8.57	407.6	36.52802228	1.087462096	11.11673654	2.147752955	53.36825207	22.75733423	232.858501	5.041690645	209.6149492	8.463831814	1.725134405	3.23271603	83068.38	-0.26506362	-0.934041501	-0.339194414	0.733461771	-0.339194414	-1.636691647	-0.446318449	0.493769569	0.956176539	-1.373839467	-0.89108913	-1.074751777	0.354233577
YL257	1673	16.72	14291.54	5.93	1934.33	12007.9	1780.05	46.17	13332.31	968.28	8.5	12.07	391.73	37.58332273	1.10199679	11.52965804	1.564566593	53.47356942	24.60411849	226.8930214	4.257004609	259.7321624	8.844187355	1.606637488	4.018256172	76725.69645	-0.149250552	-0.354233577	0.294518693	-0.493769569	-0.294518693	-0.575472548	-0.575472548	-0.809758313	2.280148711	-0.609228667	-1.304420071	-0.042498014	-0.696883497
YL258	1225.4	13.59	11814.03	4.69	1399.23	12107.07	1988.72	36.49	5972.82	756.1	9.1	10.93	416.93	33.29475966	1.079343799	11.25716378	1.38120712	46.4366795	24.64883986	244.5731008	3.969534303	170.8869873	8.446289714	1.643577629	3.780697614	86914.81245	-0.715053038	-1.15378684	-0.106413557	-1.087454134	-0.956176539	-0.542359867	-0.235836786	-1.411178153	0.177956597	-1.450595047	-1.126658238	-0.294518693	0.978790275
YL259	2881.66	17.7	17056.48	27.13	3620.29	9327.57	2160.31	177.24	8885.9	1023.69	12.81	11.57	371.57	46.33180178	1.107579256	11.78457023	2.610286388	70.10275349	23.26247199	258.6597697	5.972386564	210.2541116	8.934664368	1.818427331	3.915920784	69031.63245	1.15378684	0.00708093	0.626368225	1.907180829	1.210756606	-1.450595047	0.106413557	2.121279302	1.001915966	-0.415240161	-0.575472548	-0.177956597	-1.693315232
YL260	1868.14	15.49	26313	12.78	2171.95	12506.87	2678.01	79.25	2452.29	989.26	19.68	12.2	411.67	39.22231715	1.094088278	12.41668942	2.122034185	56.23033241	24.82614138	299.1036986	4.931059514	107.1786033	8.878997755	2.01539287	4.044415723	84735.59445	0.192363314	-0.626368225	1.907180829	0.6436938	-0.063771035	-0.324231584	1.001915966	0.26506362	-1.210756606	-0.542359867	0.626368225	0.00708093	0.6436938
YL261	1361.04	12.47	13929.04	13.31	1796.47	6753.61	1698.75	85.99	8407.28	687.93	5.94	9.47	397.17	34.68728113	1.068758762	11.49277005	2.149804153	51.78250963	21.63395374	219.8230632	5.034612013	204.2709003	8.296113007	1.400439803	3.451931611	78871.50445	-0.526026123	-1.536998056	0.206810069	0.752122489	-0.462018859	-2.533299536	-0.809758313	0.462018859	0.84972099	-1.755955277	-2.002809497	-0.733461771	-0.324231584
YL262	3921.88	21.09	28561.75	26.01	4184.05	12586.16	2390.58	147.11	6527.95	1136.07	28.72	15	377.3	52.10823906	1.123212524	12.53742969	2.584357506	74.59807023	24.86075104	277.0014072	5.727296459	179.0065238	9.104974624	2.170103549	4.569054479	71177.145	1.826356298	0.742759799	2.121279302	1.755955277	1.636691647	-0.309340999	0.399851988	1.755955277	0.309340999	-0.134944991	1.126658238	0.829574037	-1.373839467
YL263	3042.21	18.49	19140.39	18.31	3205.38	11781.87	2603.71	109.2	6281.02	1271.77	19.59	19.23	411.5	47.30196063	1.111686455	11.95163101	2.362054586	66.52571958	24.501046	293.4680542	5.340391191	175.4377908	9.290881449	2.013413717	5.253397711	84665.625	1.240773954	0.221300119	1.001915966	1.304420071	0.912354903	-0.661214792	0.752122489	1.049853854	0.250423463	0.221300119	0.609228667	1.636691647	0.609228667
YL264	2211.36	14.16	13518.32	5.34	2267.83	7211.77	1549.45	52.36	7128.93	792.86	13.67	11.43	406.3	41.85760135	1.084143932	11.44984216	1.483442248	57.2925978	21.95736405	206.5434448	4.412220465	187.428709	8.522121143	1.849787313	3.886759347	82539.345	0.575472548	-1.037645711	0.120666995	-0.724226725	0.049586409	-2.002809497	-1.126658238	-0.493769569	0.446318449	-1.18179227	-0.369353294	-0.206810069	0.279760815
YL266	3671.6	18.75	26237.55	8.41	3663.12	14287.83	2928.46	82.42	4746.12	1316.47	23.05	14.83	373.5	50.81772275	1.112969293	12.41246833	1.826108382	70.45805595	25.56361864	317.7352847	4.980760341	151.5343623	9.348092653	2.082099686	4.539090902	69750.625	1.693315232	0.309340999	1.826356298	0.077968503	1.240773954	0.120666995	1.304420071	0.369353294	-0.324231584	0.354233577	0.771048869	0.742759799	-1.636691647
YL269	1494.84	14.16	13488.64	5.83	1594.65	7079	1564.17	45.71	10374.69	835.9	9.92	6.67	406.73	35.97648329	1.084143932	11.44669161	1.551486851	49.16397277	21.86541882	207.8707881	4.24469651	227.9318665	8.606860028	1.689297568	2.715778118	82714.14645	-0.294518693	-1.037645711	0.106413557	-0.509831534	-0.678941165	-2.121279302	-1.049853854	-0.84972099	1.411178153	-1.126658238	-0.956176539	-2.002809497	0.294518693
YL271	2941.43	19.55	28714.66	16.72	3039.84	12600.5	2802.8	113.53	4203.67	1115.77	19.96	10.73	386.13	46.69691785	1.116721538	12.54530412	2.302617427	65.02317689	24.86699127	308.4552701	5.390526611	142.2074347	9.075404643	2.021476777	3.737400415	74547.68845	1.210756606	0.477833997	2.280148711	1.126658238	0.809758313	-0.279760815	1.210756606	1.126658238	-0.477833997	-0.177956597	0.6436938	-0.331703716	-1.049853854
YL272	2102.43	17.68	13079.96	13.33	2383.58	15926.52	1986.78	83.29	5374.61	1236.25	21.93	14.2	404.47	41.05145847	1.107470956	11.4026183	2.150827099	58.54060835	26.17832306	244.4116137	4.994084344	161.7173063	9.244070802	2.061398484	4.426084692	81797.49045	0.415240161	-0.00708093	-0.00708093	0.771048869	0.250423463	0.446318449	-0.26506362	0.415240161	-0.035411754	0.149250552	0.733461771	0.567136467	0.163586723
YL273	1740.5	16.81	17878.02	11.55	1916.07	20564.02	2960.74	76.4	1681.88	1757.81	25.25	19.43	405.6	38.16345094	1.102534083	11.85265957	2.052144109	53.2537211	27.67350386	320.0979728	4.884743157	87.86414525	9.832411169	2.11924098	5.283240679	82255.18	-0.02124421	-0.301921554	0.771048869	0.485786363	-0.384557925	1.536998056	1.373839467	0.134944991	-1.536998056	1.100334419	0.956176539	1.755955277	0.235836786
YL274	2015.63	14.79	18475.41	5.34	2057.98	13871.13	1782.45	46.91	5864.59	860.62	17.55	12.4	391.1	40.38976221	1.08905688	11.90030634	1.483442248	54.93135547	25.39812467	227.1001025	4.276563238	169.2620627	8.653713341	1.965157178	4.08431383	76479.105	0.324231584	-0.84972099	0.912354903	-0.724226725	-0.192363314	0.02124421	-0.558839611	-0.715053038	0.149250552	-1.001915966	0.339194414	0.063771035	-0.790255566
YL275	1938.99	14.56	16039.89	6.91	2042.97	9419.48	2433.92	47.66	5568.21	849.94	12.44	10.37	409.7	39.79020534	1.087308034	11.69580659	1.680722614	54.75717359	23.31342243	280.3876005	4.296090564	164.7365643	8.633626424	1.804092769	3.658140205	83926.545	0.279760815	-0.956176539	0.509831534	-0.26506362	-0.206810069	-1.411178153	0.446318449	-0.661214792	0.02124421	-1.025590291	-0.626368225	-0.45415466	0.477833997
YL277	2339.52	14.84	17221.5	6.5	2376.6	9778.98	2087.87	54.23	4044.57	876.28	15.18	9.5	402.4	42.77419639	1.089430545	11.79849673	1.634584061	58.46636717	23.50887791	252.7592148	4.45570095	139.3628756	8.682751563	1.899159547	3.459003533	80962.38	0.678941165	-0.819625945	0.715053038	-0.331703716	0.235836786	-1.240773954	-0.049586409	-0.462018859	-0.558839611	-0.870218897	-0.106413557	-0.715053038	0.035411754
YL278	2352.11	17.6	17542.39	21.73	2706.09	13215.04	2291.15	132.09	4834.07	1129.51	18.85	14.43	399.93	42.86249143	1.10703552	11.82521377	2.471946835	61.84138616	25.12910053	269.155877	5.586750927	152.9970044	9.095473095	1.996685861	4.467707278	79971.50245	0.696883497	-0.035411754	0.752122489	1.584876705	0.542359867	-0.177956597	0.250423463	1.411178153	-0.250423463	-0.149250552	0.526026123	0.609228667	-0.192363314
YL279	1377.33	16.98	10067.78	11.45	1580.22	15771.53	2153.61	75.09	3473.12	1244.17	19.26	13.77	410.3	34.84845143	1.103534844	11.02974116	2.046089447	48.96950492	26.12246448	258.1167731	4.862902941	128.6704962	9.254615631	2.00605585	4.347091636	84172.545	-0.446318449	-0.235836786	-0.542359867	0.462018859	-0.696883497	0.399851988	0.092181706	0.092181706	-0.790255566	0.163586723	0.558839611	0.51791185	0.509831534
YL281	834.61	12.55	7138.59	5.72	879.47	8334.45	1842.61	36.9	8804.25	665.83	6.5	7.8	419.83	28.62724913	1.069571612	10.54550808	1.536798252	37.86402922	22.68390553	232.261544	3.983103072	209.244635	8.244446725	1.454256576	3.033099194	88128.11445	-1.240773954	-1.450595047	-1.338323635	-0.609228667	-1.536998056	-1.693315232	-0.462018859	-1.304420071	0.934041501	-1.826356298	-1.755955277	-1.338323635	1.18179227
YL282	622.54	9.63	5911.18	5.23	721.92	6757.08	1136.44	37.62	4577.81	362.74	5.81	4.8	431	25.47531724	1.032089945	10.28245713	1.467179349	34.69195059	21.63646988	167.3879617	4.006589621	148.698293	7.304780331	1.387010842	2.103905247	92880	-1.536998056	-2.533299536	-1.755955277	-0.829574037	-1.826356298	-2.280148711	-1.826356298	-1.271952968	-0.384557925	-2.533299536	-2.121279302	-2.280148711	1.826356298
YL283	4652.41	19.6	32586.88	9.34	4488.25	12408.53	3282.44	96.71	3831.48	1523.68	20.26	15.57	364.2	55.59743784	1.116946803	12.73233339	1.902013082	76.87733025	24.78296573	343.2031237	5.184463748	135.4668644	9.591728681	2.027874997	4.667957107	66320.32	2.002809497	0.542359867	2.533299536	0.199581485	1.693315232	-0.354233577	1.826356298	0.790255566	-0.6436938	0.661214792	0.661214792	0.912354903	-2.002809497
YL284	1769.05	13.34	9081.06	3.91	1890.99	10908.18	1754.18	40.34	9666.99	654.86	7.44	6.2	396.87	38.40449646	1.077121226	10.88380629	1.234582077	52.94975567	24.08672628	224.655022	4.091637449	219.6933122	8.218205721	1.532420071	2.573597046	78752.39845	0.063771035	-1.240773954	-0.752122489	-1.450595047	-0.415240161	-0.912354903	-0.661214792	-1.100334419	1.240773954	-1.907180829	-1.693315232	-2.121279302	-0.361783097
YL285	4638.76	18.31	21948.5	7.66	4542.17	9456.39	2594.74	90.54	8952.45	1055.28	16.31	8.63	369.8	55.53558207	1.110778974	12.15098567	1.757507693	77.27181913	23.33376889	292.7841422	5.100260245	211.0735876	8.984228893	1.93216023	3.247778367	68375.52	1.907180829	0.149250552	1.373839467	-0.070867983	1.755955277	-1.373839467	0.696883497	0.609228667	1.049853854	-0.339194414	0.134944991	-1.01368211	-1.826356298
YL286	4953.75	21.07	26180.1	31.07	5261.23	13424.8	2940.55	225.7	4207.3	1258.23	19.57	11.47	364.93	56.93441638	1.123133761	12.40924642	2.69259519	82.29021401	25.21627906	318.6211885	6.294011236	142.2717228	9.273182588	2.012972322	3.895114488	66586.45245	2.533299536	0.715053038	1.693315232	2.280148711	2.121279302	-0.134944991	1.338323635	2.280148711	-0.462018859	0.177956597	0.592266244	-0.192363314	-1.907180829
YL287	2395.99	14.98	14903.16	13.13	2706.92	8225.72	2250.46	94.59	6209.32	778.64	6.18	8.93	395.73	43.16788657	1.090464746	11.58990235	2.140517453	61.84957552	22.61717902	265.9132234	5.156119798	174.3889002	8.493182484	1.424268737	3.322098288	78300.61645	0.771048869	-0.752122489	0.369353294	0.661214792	0.558839611	-1.826356298	0.206810069	0.696883497	0.206810069	-1.304420071	-1.826356298	-0.901671045	-0.446318449
YL288	2067.36	14.49	17155.31	7.16	2299.55	12138.8	2502.92	65.18	5731.15	878.88	6.15	10.83	392.6	40.78625373	1.086765775	11.79292626	1.707339153	57.6382338	24.6630853	285.7382102	4.684938504	167.2385563	8.687525968	1.421355552	3.759113215	77066.88	0.339194414	-0.978790275	0.696883497	-0.177956597	0.120666995	-0.526026123	0.609228667	-0.134944991	0.106413557	-0.84972099	-1.907180829	-0.309340999	-0.661214792
YL289	3046.87	16.74	19545.34	26.34	3686.25	10523.91	2664.26	173.32	6609.4	1222.67	8.92	12.7	382.67	47.32962543	1.102116642	11.9820519	2.592128498	70.64892525	23.89583031	298.0646616	5.942837326	180.1693094	9.225843121	1.632831216	4.143393261	73217.66445	1.271952968	-0.339194414	1.049853854	1.826356298	1.271952968	-1.001915966	0.912354903	1.907180829	0.324231584	0.106413557	-1.15378684	0.149250552	-1.126658238
